VERSION_6_0 1-PLA_saline
P	0	1	0	9.14629	-87.5611	-8.41268	0.331501	-0.543983	0.770837	0.648	0.036	-10000	-10000	0	4	1	A	0	586	0	-10000	-1	0	0	-10000	-789,-781,-762,-759,-672,-759,-727,-663	193999	N\A	N\A	N\A	N\A	-200	200	-200	200	0.03	-5	0	0	-1	-10000	-10000	-10000	3	2000	2	N\A	-10000	0	0.120607	0	-10000	N\A	-10000	113	20A 1-2
P	0	2	0	9.10668	-87.5834	-8.34619	0.617091	-0.415547	0.668221	0.327	0.012	-10000	-10000	0	4	1	A	0	586	0	-10000	-1	0	0	-10000	-1525,-1517,-1498,-1495,-1408,-1495,-1463,-1399	194735	N\A	N\A	N\A	N\A	-200	200	-200	200	0.03	-5	0	0	-1	-10000	-10000	-10000	3	2000	2	N\A	-10000	0	0.00898499	0	-10000	N\A	-10000	113	20A 1-2
P	0	3	0	9.1896	-87.6243	-8.30924	0.663618	-0.382917	0.642639	0.336	0.042	-10000	-10000	0	4	1	A	0	586	0	-10000	-1	0	0	-10000	-1996,-1988,-1969,-1966,-1879,-1966,-1934,-1870	195206	N\A	N\A	N\A	N\A	-200	200	-200	200	0.03	-5	0	0	-1	-10000	-10000	-10000	3	2000	2	N\A	-10000	0	0.0716222	0	-10000	N\A	-10000	113	20A 1-2
P	0	4	0	11.0228	-87.5855	-8.26929	0.685219	-0.354283	0.636363	1.278	0.744	145	-10000	0	4	1	A	0	586	0	0.107592	-1	0	0	-10000	138,145,168,105,114,123,126,138,146,149,159,191,200	195737	N\A	N\A	N\A	N\A	-200	200	-200	200	0.03	-5	0	0	-1	-10000	-10000	-10000	3	2000	1	N\A	-10000	10000	1.63441	0	0.193281	N\A	-10000	113	20A 1-2
P	0	5	0	13.0905	-87.5318	-8.22403	0.680452	-0.33794	0.650217	1.77	0.744	-80	-10000	0	4	1	A	0	586	0	0.107592	-1	0	0	-10000	-87,-80,-57,416,-120,-111,-102,-99,-87,-79,-76,-66,-34,-25	195962	N\A	N\A	N\A	N\A	-200	200	-200	200	0.03	-5	0	0	-1	-10000	-10000	-10000	3	2000	1	N\A	-10000	225	2.06893	0	0.193281	N\A	-10000	113	20A 1-2
P	0	6	0	18.6213	-87.4345	-8.20269	0.654506	-0.278567	0.702867	0.552	0.066	-128	-10000	0	4	1	A	0	586	0	0.0302598	-1	0	0	-10000	-631,-624,-601,-128,-664,-655,-646,-643,-631,-623,-620,-610,-578,-569	196506	N\A	N\A	N\A	N\A	-200	200	-200	200	0.03	-5	0	0	-1	-10000	-10000	-10000	3	2000	1	N\A	-10000	257	2.31371	0	0.0151793	N\A	-10000	113	20A 1-2
P	0	7	0	21.2423	-87.4965	-8.27964	0.682359	-0.237755	0.691273	0.363	0.015	-10000	-10000	0	4	1	A	0	586	0	-10000	-1	0	0	-10000	-1131,-1124,-1101,-628,342,372,396,405,-1164,-1155,-1146,-1143,-1131,-1123,-1120,-1110,-1078,-1069,308,317,322,331,337,340,350,360,363,369,373,381,391,405,414	197006	N\A	N\A	N\A	N\A	-200	200	-200	200	0.03	-5	0	0	-1	-10000	-10000	-10000	3	2000	2	N\A	-10000	0	0.969347	0	-10000	N\A	-10000	113	20A 1-2
P	0	8	0	26.8514	-87.3568	-8.45953	0.645746	-0.221146	0.730826	1.083	0.165	103	-10000	0	4	1	A	0	586	0	0.0683622	-1	0	0	-10000	-1933,-1926,-1903,-1430,-460,-430,-406,-397,-120,-111,-97,-92,103,112,244,-1966,-1957,-1948,-1945,-1933,-1925,-1922,-1912,-1880,-1871,-494,-485,-480,-471,-465,-462,-452,-442,-439,-433,-429,-421,-411,-397,-388,-92,-88,-65	197808	N\A	N\A	N\A	N\A	-200	200	-200	200	0.03	-5	0	0	-1	-10000	-10000	-10000	3	2000	1	N\A	-10000	4	1.91061	0	0.0172025	N\A	-10000	113	20A 1-2
P	0	9	0	31.3185	-87.2692	-8.48425	0.588383	-0.210049	0.780823	0.555	0.153	136	-10000	0	4	1	A	0	586	0	0.0619691	-1	0	0	-10000	-1930,-960,-930,-906,-897,-620,-611,-597,-592,-397,-388,-256,136,139,272,359,-994,-985,-980,-971,-965,-962,-952,-942,-939,-933,-929,-921,-911,-897,-888,-592,-588,-565,158	198308	N\A	N\A	N\A	N\A	-200	200	-200	200	0.03	-5	0	0	-1	-10000	-10000	-10000	3	2000	1	N\A	-10000	245	2.44908	0	0.0242717	N\A	-10000	113	20A 1-2
P	0	10	0	34.7296	-87.2512	-8.48263	0.553928	-0.220697	0.802781	0.597	0.087	199	-10000	0	4	1	A	0	586	0	0.0497015	-1	0	0	-10000	-1365,-1335,-1311,-1302,-1025,-1016,-1002,-997,-802,-793,-661,-269,-266,-133,-46,107,199,204,213,254,257,-1399,-1390,-1385,-1376,-1370,-1367,-1357,-1347,-1344,-1338,-1334,-1326,-1316,-1302,-1293,-997,-993,-970,-247,126,190,217,222	198713	N\A	N\A	N\A	N\A	-200	200	-200	200	0.03	-5	0	0	-1	-10000	-10000	-10000	3	2000	1	N\A	-10000	266	1.73289	0	0.0137691	N\A	-10000	113	20A 1-2
P	0	11	0	40.3387	-87.1228	-8.46789	0.497086	-0.241748	0.833345	1.044	0.564	22	-10000	0	4	1	A	0	586	0	0.0946894	-1	0	0	-10000	-1870,-1861,-1847,-1842,-1647,-1638,-1506,-1114,-1111,-978,-891,-738,-646,-641,-632,-591,-588,-55,-37,22,51,59,110,113,122,487,496,-1842,-1838,-1815,-1092,-719,-655,-628,-623,4,18,27,37,48,465,496	199558	N\A	N\A	N\A	N\A	-200	200	-200	200	0.03	-5	0	0	-1	-10000	-10000	-10000	3	2000	1	N\A	-10000	144	1.05873	0	0.249145	N\A	-10000	113	20A 1-2
P	0	12	0	44.041	-87.0499	-8.40876	0.45444	-0.286378	0.843488	1.431	0.333	-1	-10000	0	4	1	A	0	586	0	0.0603467	-1	0	0	-10000	-1624,-1621,-1488,-1401,-1248,-1156,-1151,-1142,-1101,-1098,-565,-547,-488,-459,-451,-400,-397,-388,-23,-14,-1,27,32,50,59,68,318,327,350,-1602,-1229,-1165,-1138,-1133,-506,-492,-483,-473,-462,-45,-14,9,18,32,41,44,82,85	200068	N\A	N\A	N\A	N\A	-200	200	-200	200	0.03	-5	0	0	-1	-10000	-10000	-10000	3	2000	1	N\A	-10000	199	1.70933	0	0.0486861	N\A	-10000	113	20A 1-2
P	0	13	0	47.724	-87.0413	-8.38034	0.353841	-0.270459	0.895348	0.405	0.012	-10000	-10000	0	4	1	A	0	586	0	-10000	-1	0	0	-10000	-1947,-1942,-1933,-1892,-1889,-1356,-1338,-1279,-1250,-1242,-1191,-1188,-1179,-814,-805,-792,-764,-759,-741,-732,-723,-473,-464,-441,219,228,241,251,262,272,287,315,-1956,-1929,-1924,-1297,-1283,-1274,-1264,-1253,-836,-805,-782,-773,-759,-750,-747,-709,-706,210,222,233,242,251,263,274,283,286,295,305,319,327	200859	N\A	N\A	N\A	N\A	-200	200	-200	200	0.03	-5	0	0	-1	-10000	-10000	-10000	3	2000	2	N\A	-10000	0	0.920388	0	-10000	N\A	-10000	113	20A 1-2
P	0	14	0	50.3245	-86.9784	-8.38559	0.277761	-0.253795	0.926519	4.038	1.77	-14	-10000	0	4	1	A	0	586	0	0.327593	-1	0	0	-10000	-1632,-1614,-1555,-1526,-1518,-1467,-1464,-1455,-1090,-1081,-1068,-1040,-1035,-1017,-1008,-999,-749,-740,-717,-57,-48,-35,-25,-14,-4,11,39,-1573,-1559,-1550,-1540,-1529,-1112,-1081,-1058,-1049,-1035,-1026,-1023,-985,-982,-66,-54,-43,-34,-25,-13,-2,7,10,19,29,43,51	201135	N\A	N\A	N\A	N\A	-200	200	-200	200	0.03	-5	0	0	-1	-10000	-10000	-10000	3	2000	1	N\A	-10000	10000	2.6012	0	0.456641	N\A	-10000	113	20A 1-2
P	0	15	0	53.2924	-86.8995	-8.38033	0.237565	-0.255525	0.937161	0.435	0.012	-10000	-10000	0	4	1	A	0	586	0	-10000	-1	0	0	-10000	-1979,-1976,-1967,-1602,-1593,-1580,-1552,-1547,-1529,-1520,-1511,-1261,-1252,-1229,-569,-560,-547,-537,-526,-516,-501,-473,-1624,-1593,-1570,-1561,-1547,-1538,-1535,-1497,-1494,-578,-566,-555,-546,-537,-525,-514,-505,-502,-493,-483,-469,-461	201647	N\A	N\A	N\A	N\A	-200	200	-200	200	0.03	-5	0	0	-1	-10000	-10000	-10000	3	2000	2	N\A	-10000	10000	1.0361	0	-10000	N\A	-10000	113	20A 1-2
P	0	16	0	53.3844	-86.8934	-8.33569	0.293245	-0.309576	0.904528	0.51	0.021	-10000	-10000	0	4	1	A	0	586	0	-10000	-1	0	0	-10000	-1837,-1828,-1815,-1787,-1782,-1764,-1755,-1746,-1496,-1487,-1464,-804,-795,-782,-772,-761,-751,-736,-708,470,492,497,-1859,-1828,-1805,-1796,-1782,-1773,-1770,-1732,-1729,-813,-801,-790,-781,-772,-760,-749,-740,-737,-728,-718,-704,-696,434,443,446,456,465,469	201882	N\A	N\A	N\A	N\A	-200	200	-200	200	0.03	-5	0	0	-1	-10000	-10000	-10000	3	2000	2	N\A	-10000	0	0.0956254	0	-10000	N\A	-10000	113	20A 1-2
P	0	17	0	60.3694	-86.7704	-8.30534	0.17355	-0.42333	0.889197	11.58	4.449	-84	-10000	0	4	1	A	0	586	0	0.451569	-1	0	0	-10000	-1358,-1349,-1336,-1326,-1315,-1305,-1290,-1262,-84,-62,-53,-47,28,43,55,480,489,-1367,-1355,-1344,-1335,-1326,-1314,-1303,-1294,-1291,-1282,-1272,-1258,-1250,-120,-111,-108,-98,-89,-85,-46,-34,-25,-11,-2,7,10,19,30,61,71,75,80,84,93,107,112	202436	N\A	N\A	N\A	N\A	-200	200	-200	200	0.03	-5	0	0	-1	-10000	-10000	-10000	3	2000	1	N\A	-10000	10000	6.98621	0	0.607203	N\A	-10000	113	20A 1-2
P	0	18	0	66.9641	-86.782	-8.25543	-0.0637561	-0.36799	0.927642	0.888	0.087	-34	-10000	0	4	1	A	0	586	0	0.0562304	-1	0	0	-10000	-1881,-1872,-1859,-1849,-1838,-1828,-1813,-1785,-607,-585,-576,-570,-495,-480,-468,-43,-34,-2,148,-1890,-1878,-1867,-1858,-1849,-1837,-1826,-1817,-1814,-1805,-1795,-1781,-1773,-643,-634,-631,-621,-612,-608,-569,-557,-548,-534,-525,-516,-513,-504,-493,-462,-452,-448,-443,-439,-430,-416,-411	202959	N\A	N\A	N\A	N\A	-200	200	-200	200	0.03	-5	0	0	-1	-10000	-10000	-10000	3	2000	1	N\A	-10000	50	6.59488	0	0.0166691	N\A	-10000	113	20A 1-2
P	0	19	0	66.8572	-86.8726	-8.46279	-0.149801	-0.275159	0.949656	0.537	0.045	-97	-10000	0	4	1	A	0	586	0	0.0297565	-1	0	0	-10000	-852,-830,-821,-815,-740,-725,-713,-288,-279,-247,-97,319,330,340,-888,-879,-876,-866,-857,-853,-814,-802,-793,-779,-770,-761,-758,-749,-738,-707,-697,-693,-688,-684,-675,-661,-656,349,358	203204	N\A	N\A	N\A	N\A	-200	200	-200	200	0.03	-5	0	0	-1	-10000	-10000	-10000	3	2000	1	N\A	-10000	63	0.250261	0	0.0082373	N\A	-10000	113	20A 1-2
P	0	20	0	65.1233	-86.9094	-7.73166	-0.359922	-0.11646	0.925685	0.606	0.054	-10000	-10000	0	4	1	A	0	586	0	-10000	-1	0	0	-10000	-1557,-1535,-1526,-1520,-1445,-1430,-1418,-993,-984,-952,-802,-386,-375,-365,381,453,458,467,-1593,-1584,-1581,-1571,-1562,-1558,-1519,-1507,-1498,-1484,-1475,-1466,-1463,-1454,-1443,-1412,-1402,-1398,-1393,-1389,-1380,-1366,-1361,-356,-347,444,453,476,485,499	203909	N\A	N\A	N\A	N\A	-200	200	-200	200	0.03	-5	0	0	-1	-10000	-10000	-10000	3	2000	2	N\A	-10000	10000	0.702986	0	-10000	N\A	-10000	113	20A 1-2
P	0	21	0	65.7334	-86.8791	-7.2578	-0.380257	-0.103944	0.919021	0.606	0.075	179	-10000	0	4	1	A	0	586	0	0.0429125	-1	0	0	-10000	-1759,-1737,-1728,-1722,-1647,-1632,-1620,-1195,-1186,-1154,-1004,-588,-577,-567,179,251,256,265,-1795,-1786,-1783,-1773,-1764,-1760,-1721,-1709,-1700,-1686,-1677,-1668,-1665,-1656,-1645,-1614,-1604,-1600,-1595,-1591,-1582,-1568,-1563,-558,-549,242,251,274,283,297,306,319	204111	N\A	N\A	N\A	N\A	-200	200	-200	200	0.03	-5	0	0	-1	-10000	-10000	-10000	3	2000	1	N\A	-10000	10000	0.773065	0	0.0171295	N\A	-10000	113	20A 1-2
P	0	22	0	66.4754	-86.8816	-7.51931	-0.346754	-0.132647	0.928529	1.368	0.834	20	-10000	0	4	1	A	0	586	0	0.248984	-1	0	0	-10000	-2000,-1982,-1973,-1967,-1892,-1877,-1865,-1440,-1431,-1399,-1249,-833,-822,-812,-66,6,11,20,-1966,-1954,-1945,-1931,-1922,-1913,-1910,-1901,-1890,-1859,-1849,-1845,-1840,-1836,-1827,-1813,-1808,-803,-794,-3,6,29,38,52,61,74	204356	N\A	N\A	N\A	N\A	-200	200	-200	200	0.03	-5	0	0	-1	-10000	-10000	-10000	3	2000	1	N\A	-10000	159	0.786736	0	0.331583	N\A	-10000	113	20A 1-2
P	0	23	0	67.0818	-88.1818	-8.24189	-0.190196	-0.252166	0.948809	0.585	0.045	-10000	-10000	0	4	1	A	0	586	0	-10000	-1	0	0	-10000	-1771,-1762,-1730,-1580,-1164,-1153,-1143,-397,-325,-320,-311,239,243,266,280,284,375,380,-1134,-1125,-334,-325,-302,-293,-279,-270,-257,254,257,266,275,286,289,295,298,307,316,357,390,393	204687	N\A	N\A	N\A	N\A	-200	200	-200	200	0.03	-5	0	0	-1	-10000	-10000	-10000	3	2000	2	N\A	-10000	10000	1.60637	0	-10000	N\A	-10000	113	20A 1-2
P	0	24	0	67.4499	-94.7536	-8.19566	-0.0844984	-0.361747	0.928439	0.516	0.18	-183	-10000	0	4	1	A	0	586	0	0.0610344	-1	0	0	-10000	-1727,-1716,-1706,-960,-888,-883,-874,-324,-320,-297,-283,-279,-188,-183,212,223,291,-1697,-1688,-897,-888,-865,-856,-842,-833,-820,-309,-306,-297,-288,-277,-274,-268,-265,-256,-247,-206,-173,-170,200,226,235,249,255	205250	N\A	N\A	N\A	N\A	-200	200	-200	200	0.03	-5	0	0	-1	-10000	-10000	-10000	3	2000	1	N\A	-10000	10000	6.58224	0	0.0221528	N\A	-10000	113	20A 1-2
P	0	25	0	67.5379	-96.9913	-8.1149	-0.10024	-0.427022	0.898668	1.944	1.41	161	-10000	0	4	1	A	0	586	0	0.169517	-1	0	0	-10000	-1422,-1350,-1345,-1336,-786,-782,-759,-745,-741,-650,-645,-250,-239,-171,161,391,465,-1359,-1350,-1327,-1318,-1304,-1295,-1282,-771,-768,-759,-750,-739,-736,-730,-727,-718,-709,-668,-635,-632,-262,-236,-227,-213,-207,126,133,147,165,169,179,188,197,200,479,488,497	205712	N\A	N\A	N\A	N\A	-200	200	-200	200	0.03	-5	0	0	-1	-10000	-10000	-10000	3	2000	1	N\A	-10000	208	1.06909	0	0.256015	N\A	-10000	113	20A 1-2
P	0	26	0	67.524	-99.6324	-7.9997	-0.109912	-0.459509	0.881346	2.163	1.41	-72	-10000	0	4	1	A	0	586	0	0.169517	-1	0	0	-10000	-1655,-1583,-1578,-1569,-1019,-1015,-992,-978,-974,-883,-878,-483,-472,-404,-72,158,232,-1592,-1583,-1560,-1551,-1537,-1528,-1515,-1004,-1001,-992,-983,-972,-969,-963,-960,-951,-942,-901,-868,-865,-495,-469,-460,-446,-440,-107,-100,-86,-68,-64,-54,-45,-36,-33,246,255,264	205945	N\A	N\A	N\A	N\A	-200	200	-200	200	0.03	-5	0	0	-1	-10000	-10000	-10000	3	2000	1	N\A	-10000	233	2.64371	0	0.256015	N\A	-10000	113	20A 1-2
P	0	27	0	67.5851	-105.997	-7.82343	-0.111046	-0.463184	0.879278	0.87	0.477	29	-10000	0	4	1	A	0	586	0	0.108883	-1	0	0	-10000	-1531,-1527,-1504,-1490,-1486,-1395,-1390,-995,-984,-916,-584,-354,-280,24,29,-1516,-1513,-1504,-1495,-1484,-1481,-1475,-1472,-1463,-1454,-1413,-1380,-1377,-1007,-981,-972,-958,-952,-619,-612,-598,-580,-576,-566,-557,-548,-545,-266,-257,-248,31,42,52,55	206457	N\A	N\A	N\A	N\A	-200	200	-200	200	0.03	-5	0	0	-1	-10000	-10000	-10000	3	2000	1	N\A	-10000	10	3.31058	0	0.114675	N\A	-10000	113	20A 1-2
P	0	28	0	67.6322	-107.83	-7.79578	-0.115911	-0.46706	0.876595	0.777	0.477	-175	-10000	0	4	1	A	0	586	0	0.108883	-1	0	0	-10000	-1735,-1731,-1708,-1694,-1690,-1599,-1594,-1199,-1188,-1120,-788,-558,-484,-180,-175,-1720,-1717,-1708,-1699,-1688,-1685,-1679,-1676,-1667,-1658,-1617,-1584,-1581,-1211,-1185,-1176,-1162,-1156,-823,-816,-802,-784,-780,-770,-761,-752,-749,-470,-461,-452,-173,-162,-152,-149	206661	N\A	N\A	N\A	N\A	-200	200	-200	200	0.03	-5	0	0	-1	-10000	-10000	-10000	3	2000	1	N\A	-10000	204	1.83387	0	0.114675	N\A	-10000	113	20A 1-2
P	0	29	0	67.6871	-111.541	-7.72003	-0.140025	-0.481455	0.865213	0.432	0.027	-10000	-10000	0	4	1	A	0	586	0	-10000	-1	0	0	-10000	-1647,-1636,-1568,-1236,-1006,-932,-628,-623,-1659,-1633,-1624,-1610,-1604,-1271,-1264,-1250,-1232,-1228,-1218,-1209,-1200,-1197,-918,-909,-900,-621,-610,-600,-597	207109	N\A	N\A	N\A	N\A	-200	200	-200	200	0.03	-5	0	0	-1	-10000	-10000	-10000	3	2000	2	N\A	-10000	10000	3.71195	0	-10000	N\A	-10000	113	20A 1-2
P	0	30	0	67.6326	-114.99	-7.81806	-0.222551	-0.393361	0.892042	0.543	0.249	-152	-10000	0	4	1	A	0	586	0	0.0609215	-1	0	0	-10000	-1982,-1752,-1678,-1374,-1369,-152,-14,233,239,-1996,-1978,-1974,-1964,-1955,-1946,-1943,-1664,-1655,-1646,-1367,-1356,-1346,-1343,-170,-138,-34,-2,12	207855	N\A	N\A	N\A	N\A	-200	200	-200	200	0.03	-5	0	0	-1	-10000	-10000	-10000	3	2000	1	N\A	-10000	223	1.48027	0	0.0246952	N\A	-10000	113	20A 1-2
P	0	31	0	67.6908	-117.611	-7.91715	-0.230554	-0.341609	0.911125	0.444	0.12	29	-10000	0	4	1	A	0	586	0	0.0285598	-1	0	0	-10000	-1956,-1882,-1578,-1573,-356,-218,29,35,340,-1868,-1859,-1850,-1571,-1560,-1550,-1547,-374,-342,-238,-206,-192	208059	N\A	N\A	N\A	N\A	-200	200	-200	200	0.03	-5	0	0	-1	-10000	-10000	-10000	3	2000	1	N\A	-10000	181	2.6243	0	0.0104648	N\A	-10000	113	20A 1-2
P	0	32	0	67.9039	-127.093	-7.422	-0.226486	-0.215368	0.949906	0.315	0.06	-159	-10000	0	4	1	A	0	586	0	0.0331808	-1	0	0	-10000	-855,-717,-470,-464,-159,353,-873,-841,-737,-705,-691	208558	N\A	N\A	N\A	N\A	-200	200	-200	200	0.03	-5	0	0	-1	-10000	-10000	-10000	3	2000	1	N\A	-10000	253	4.7521	0	0.00864209	N\A	-10000	113	20A 1-2
P	0	33	0	67.9356	-132.267	-7.23534	-0.236656	-0.155233	0.959112	0.342	0.075	0	-10000	0	4	1	A	0	586	0	0.0343596	-1	0	0	-10000	-1208,-1070,-823,-817,-512,0,360,365,369,-1226,-1194,-1090,-1058,-1044,350	208911	N\A	N\A	N\A	N\A	-200	200	-200	200	0.03	-5	0	0	-1	-10000	-10000	-10000	3	2000	1	N\A	-10000	159	5.17742	0	0.0123805	N\A	-10000	113	20A 1-2
P	0	34	0	66.5954	-136.24	-2.44123	-0.253792	-0.111417	0.96082	0.339	0.18	104	-10000	0	4	1	A	0	586	0	0.051884	-1	0	0	-10000	-1454,-1316,-1069,-1063,-758,-246,114,119,123,381,386,391,-1472,-1440,-1336,-1304,-1290,104,404	209157	N\A	N\A	N\A	N\A	-200	200	-200	200	0.03	-5	0	0	-1	-10000	-10000	-10000	3	2000	0	N\A	-10000	104	3.39748	0	0.011632	N\A	-10000	113	20A 1-2
P	0	35	0	66.476	-140.381	-2.59758	-0.273732	-0.0381737	0.961048	0.336	0.12	53	-10000	0	4	1	A	0	586	0	0.0478247	-1	0	0	-10000	-1805,-1667,-1420,-1414,-1109,-597,-237,-232,-228,30,35,40,-1823,-1791,-1687,-1655,-1641,-247,53	209508	N\A	N\A	N\A	N\A	-200	200	-200	200	0.03	-5	0	0	-1	-10000	-10000	-10000	3	2000	0	N\A	-10000	51	4.52845	0	0.00976926	N\A	-10000	113	20A 1-2
P	0	36	0	67.8901	-142.931	-7.29591	-0.274669	0.0164434	0.961398	0.363	0.06	-10000	-10000	0	4	1	A	0	586	0	-10000	-1	0	0	-10000	-1967,-1720,-1714,-1409,-897,-537,-532,-528,-270,-265,-260,317,-1987,-1955,-1941,-547,-247	209808	N\A	N\A	N\A	N\A	-200	200	-200	200	0.03	-5	0	0	-1	-10000	-10000	-10000	3	2000	2	N\A	-10000	10000	2.77251	0	-10000	N\A	-10000	113	20A 1-2
P	0	37	0	67.8242	-144.216	-6.46622	-0.280264	0.0210055	0.959693	0.318	0.045	20	-10000	0	4	1	A	0	586	0	0.0481057	-1	0	0	-10000	-1706,-1194,-834,-829,-825,-567,-562,-557,20,-844,-544	210105	N\A	N\A	N\A	N\A	-200	200	-200	200	0.03	-5	0	0	-1	-10000	-10000	-10000	3	2000	1	N\A	-10000	10000	1.5305	0	0.0119578	N\A	-10000	113	20A 1-2
P	0	38	0	67.3878	-144.532	-6.10185	-0.283603	-0.000663757	0.958942	0.333	0.027	-10000	-10000	0	4	1	A	0	586	0	-10000	-1	0	0	-10000	-1931,-1419,-1059,-1054,-1050,-792,-787,-782,-205,-1069,-769,486,489,498	210330	N\A	N\A	N\A	N\A	-200	200	-200	200	0.03	-5	0	0	-1	-10000	-10000	-10000	3	2000	2	N\A	-10000	10000	0.650736	0	-10000	N\A	-10000	113	20A 1-2
P	0	39	0	65.4394	-144.809	-8.55672	-0.235695	0.570038	0.787086	1.356	0.42	-127	-10000	0	4	1	A	0	586	0	0.0773622	-1	0	0	-10000	-1816,-1811,-1807,-1549,-1544,-1539,-962,-250,-239,-159,-151,-127,-118,-27,-24,-14,-1826,-1526,-271,-268,-259,-183,-172,-141,-130,-122,-109,-100	211087	N\A	N\A	N\A	N\A	-200	200	-200	200	0.03	-5	0	0	-1	-10000	-10000	-10000	3	2000	1	N\A	-10000	58	0.531248	0	0.0981676	N\A	-10000	113	20A 1-2
P	0	40	0	65.6797	-144.495	-8.68265	-0.251644	0.710937	0.656691	1.266	0.045	-10000	-10000	0	4	1	A	0	586	0	-10000	-1	0	0	-10000	-1784,-1779,-1774,-1197,-485,-474,-394,-386,-362,-353,-262,-259,-249,379,423,432,437,443,-1761,-506,-503,-494,-418,-407,-376,-365,-357,-344,-335,411,446,469	211322	N\A	N\A	N\A	N\A	-200	200	-200	200	0.03	-5	0	0	-1	-10000	-10000	-10000	3	2000	2	N\A	-10000	10000	0.414864	0	-10000	N\A	-10000	113	20A 1-2
P	0	41	0	65.7179	-144.335	-7.88374	-0.324948	0.343227	0.881251	2.25	0.306	-164	-10000	0	4	1	A	0	586	0	0.0617961	-1	0	0	-10000	-1784,-1072,-1061,-981,-973,-949,-940,-849,-846,-836,-208,-164,-155,-150,-144,118,123,-1093,-1090,-1081,-1005,-994,-963,-952,-944,-931,-922,-176,-141,-118,126	211909	N\A	N\A	N\A	N\A	-200	200	-200	200	0.03	-5	0	0	-1	-10000	-10000	-10000	3	2000	1	N\A	-10000	213	0.431173	0	0.0166826	N\A	-10000	113	20A 1-2
P	0	42	0	63.4382	-144.646	-7.44876	-0.28232	0.134348	0.949866	0.609	0.255	-176	-10000	0	4	1	A	0	586	0	0.0460342	-1	0	0	-10000	-1371,-1360,-1280,-1272,-1248,-1239,-1148,-1145,-1135,-507,-463,-454,-449,-443,-181,-176,381,-1392,-1389,-1380,-1304,-1293,-1262,-1251,-1243,-1230,-1221,-475,-440,-417,-173	212208	N\A	N\A	N\A	N\A	-200	200	-200	200	0.03	-5	0	0	-1	-10000	-10000	-10000	3	2000	1	N\A	-10000	12	2.34154	0	0.0881225	N\A	-10000	113	20A 1-2
P	0	43	0	57.3937	-144.84	-6.28673	-0.183175	0.0687428	0.980674	0.654	0.075	83	-10000	0	4	1	A	0	586	0	0.0329994	-1	0	0	-10000	-1669,-1658,-1578,-1570,-1546,-1537,-1446,-1443,-1433,-805,-761,-752,-747,-741,-479,-474,83,229,317,388,-1690,-1687,-1678,-1602,-1591,-1560,-1549,-1541,-1528,-1519,-773,-738,-715,-471,243,338,438	212506	N\A	N\A	N\A	N\A	-200	200	-200	200	0.03	-5	0	0	-1	-10000	-10000	-10000	3	2000	1	N\A	-10000	259	6.15824	0	0.0110811	N\A	-10000	113	20A 1-2
P	0	60	0	10.5808	-145.649	-7.40585	-0.0852392	0.0450516	0.995341	0.342	0.015	-10000	-10000	0	4	1	A	0	586	0	-10000	-1	0	0	-10000	-1317,-1303,-1281,-1275,-1194,-1189,-908,-300,273,277,282,-1346,-1339,-1335,-1325,-1293,-1281,-1272,-1261,-1252,-1240,-1226,-1217,-1188,-1185,-1176,-309,-280,-268,286	218255	N\A	N\A	N\A	N\A	-200	200	-200	200	0.03	-5	0	0	-1	-10000	-10000	-10000	3	2000	2	N\A	-10000	10000	2.65146	0	-10000	N\A	-10000	113	20A 1-2
P	0	61	0	10.4556	-143.843	-8.04486	-0.104816	0.187471	0.976662	0.72	0.318	137	-10000	0	4	1	A	0	586	0	0.0844054	-1	0	0	-10000	-1829,-1815,-1793,-1787,-1706,-1701,-1420,-812,-239,-235,-230,105,137,176,197,220,255,264,279,284,306,-1858,-1851,-1847,-1837,-1805,-1793,-1784,-1773,-1764,-1752,-1738,-1729,-1700,-1697,-1688,-821,-792,-780,-226,126,147,156,179,188,202,211,224,241,264,275,284,297	218767	N\A	N\A	N\A	N\A	-200	200	-200	200	0.03	-5	0	0	-1	-10000	-10000	-10000	3	2000	1	N\A	-10000	109	1.65656	0	0.0819432	N\A	-10000	113	20A 1-2
P	0	62	0	10.2583	-140.616	-8.43382	-0.108703	0.292707	0.950003	0.99	0.369	-152	-10000	0	4	1	A	0	586	0	0.0844054	-1	0	0	-10000	-1995,-1990,-1709,-1101,-528,-524,-519,-184,-152,-113,-92,-69,-34,-25,-10,-5,17,-1989,-1986,-1977,-1110,-1081,-1069,-515,-163,-142,-133,-110,-101,-87,-78,-65,-48,-25,-14,-5,8	219056	N\A	N\A	N\A	N\A	-200	200	-200	200	0.03	-5	0	0	-1	-10000	-10000	-10000	3	2000	1	N\A	-10000	289	3.25645	0	0.0819432	N\A	-10000	113	20A 1-2
P	0	63	0	10.1878	-138.772	-8.60771	-0.10964	0.347099	0.931397	0.672	0.141	-184	-10000	0	4	1	A	0	586	0	0.0542027	-1	0	0	-10000	-1910,-1302,-729,-725,-720,-385,-353,-314,-293,-270,-235,-226,-211,-206,-184,-1311,-1282,-1270,-716,-364,-343,-334,-311,-302,-288,-279,-266,-249,-226,-215,-206,-193	219257	N\A	N\A	N\A	N\A	-200	200	-200	200	0.03	-5	0	0	-1	-10000	-10000	-10000	3	2000	1	N\A	-10000	32	1.85344	0	0.0154751	N\A	-10000	113	20A 1-2
P	0	64	0	10.1904	-137.231	-8.71145	-0.112389	0.395272	0.911663	0.378	0.015	-10000	-10000	0	4	1	A	0	586	0	-10000	-1	0	0	-10000	-1591,-1018,-1014,-1009,-674,-642,-603,-582,-559,-524,-515,-500,-495,-473,285,304,317,326,340,367,372,381,385,390,403,-1600,-1571,-1559,-1005,-653,-632,-623,-600,-591,-577,-568,-555,-538,-515,-504,-495,-482,296,308,317,367,385,394,403,435,444	219546	N\A	N\A	N\A	N\A	-200	200	-200	200	0.03	-5	0	0	-1	-10000	-10000	-10000	3	2000	2	N\A	-10000	10000	1.54374	0	-10000	N\A	-10000	113	20A 1-2
P	0	65	0	10.2007	-133.602	-8.78198	-0.119048	0.419554	0.89989	1.122	0.192	-45	-10000	0	4	1	A	0	586	0	0.0586637	-1	0	0	-10000	-1953,-1380,-1376,-1371,-1036,-1004,-965,-944,-921,-886,-877,-862,-857,-835,-77,-58,-45,-36,-22,5,10,19,23,28,41,232,373,382,-1962,-1933,-1921,-1367,-1015,-994,-985,-962,-953,-939,-930,-917,-900,-877,-866,-857,-844,-66,-54,-45,5,23,32,41,73,82,246,402	219908	N\A	N\A	N\A	N\A	-200	200	-200	200	0.03	-5	0	0	-1	-10000	-10000	-10000	3	2000	1	N\A	-10000	10000	3.62987	0	0.0132105	N\A	-10000	113	20A 1-2
P	0	66	0	10.542	-128.894	-8.92888	-0.150857	0.505207	0.849711	0.588	0.225	-16	-10000	0	4	1	A	0	586	0	0.053402	-1	0	0	-10000	-1784,-1752,-1713,-1692,-1669,-1634,-1625,-1610,-1605,-1583,-825,-806,-793,-784,-770,-743,-738,-729,-725,-720,-707,-516,-375,-366,-48,-16,243,257,265,272,360,389,-1763,-1742,-1733,-1710,-1701,-1687,-1678,-1665,-1648,-1625,-1614,-1605,-1592,-814,-802,-793,-743,-725,-716,-707,-675,-666,-502,-346,-34,-2,230	220656	N\A	N\A	N\A	N\A	-200	200	-200	200	0.03	-5	0	0	-1	-10000	-10000	-10000	3	2000	1	N\A	-10000	145	0.597671	0	0.056514	N\A	-10000	113	20A 1-2
P	0	67	0	10.7469	-128.042	-8.88132	-0.162612	0.515093	0.841568	0.513	0.114	31	-10000	0	4	1	A	0	586	0	0.0469151	-1	0	0	-10000	-1996,-1964,-1925,-1904,-1881,-1846,-1837,-1822,-1817,-1795,-1037,-1018,-1005,-996,-982,-955,-950,-941,-937,-932,-919,-728,-587,-578,-260,-228,31,45,53,60,148,177,468,477,-1975,-1954,-1945,-1922,-1913,-1899,-1890,-1877,-1860,-1837,-1826,-1817,-1804,-1026,-1014,-1005,-955,-937,-928,-919,-887,-878,-714,-558,-246,-214,18,448,477,480,489	220868	N\A	N\A	N\A	N\A	-200	200	-200	200	0.03	-5	0	0	-1	-10000	-10000	-10000	3	2000	1	N\A	-10000	47	0.877581	0	0.0124254	N\A	-10000	113	20A 1-2
P	0	68	0	11.0378	-126.04	-8.69098	-0.177905	0.513165	0.839649	0.684	0.318	127	-10000	0	4	1	A	0	586	0	0.0634048	-1	0	0	-10000	-1378,-1359,-1346,-1337,-1323,-1296,-1291,-1282,-1278,-1273,-1260,-1069,-928,-919,-601,-569,-310,-296,-288,-281,-193,-164,127,136,195,204,212,268,321,480,-1367,-1355,-1346,-1296,-1278,-1269,-1260,-1228,-1219,-1055,-899,-587,-555,-323,107,136,139,148,177,201,222,233,245,277,286	221209	N\A	N\A	N\A	N\A	-200	200	-200	200	0.03	-5	0	0	-1	-10000	-10000	-10000	3	2000	1	N\A	-10000	96	2.03128	0	0.0593991	N\A	-10000	113	20A 1-2
P	0	69	0	11.1496	-124.434	-8.5351	-0.182546	0.512534	0.839039	0.936	0.354	-119	-10000	0	4	1	A	0	586	0	0.0634048	-1	0	0	-10000	-1624,-1605,-1592,-1583,-1569,-1542,-1537,-1528,-1524,-1519,-1506,-1315,-1174,-1165,-847,-815,-556,-542,-534,-527,-439,-410,-119,-110,-51,-42,-34,22,75,234,361,372,-1613,-1601,-1592,-1542,-1524,-1515,-1506,-1474,-1465,-1301,-1145,-833,-801,-569,-139,-110,-107,-98,-69,-45,-24,-13,-1,31,40	221455	N\A	N\A	N\A	N\A	-200	200	-200	200	0.03	-5	0	0	-1	-10000	-10000	-10000	3	2000	1	N\A	-10000	245	1.61794	0	0.0593991	N\A	-10000	113	20A 1-2
P	0	70	0	11.2572	-122.439	-8.32539	-0.185089	0.532192	0.826144	0.336	0.06	-193	-10000	0	4	1	A	0	586	0	0.0418437	-1	0	0	-10000	-1869,-1728,-1719,-1401,-1369,-1110,-1096,-1088,-1081,-993,-964,-673,-664,-605,-596,-588,-532,-479,-320,-193,-182,-1855,-1699,-1387,-1355,-1123,-693,-664,-661,-652,-623,-599,-578,-567,-555,-523,-514	222009	N\A	N\A	N\A	N\A	-200	200	-200	200	0.03	-5	0	0	-1	-10000	-10000	-10000	3	2000	1	N\A	-10000	213	0.522873	0	0.0129428	N\A	-10000	113	20A 1-2
P	0	71	0	11.287	-122.047	-8.2789	-0.185886	0.54429	0.818043	0.291	0.039	-10000	-10000	0	4	1	A	0	586	0	-10000	-1	0	0	-10000	-1953,-1944,-1626,-1594,-1335,-1321,-1313,-1306,-1218,-1189,-898,-889,-830,-821,-813,-757,-704,-545,-418,-407,275,393,-1924,-1612,-1580,-1348,-918,-889,-886,-877,-848,-824,-803,-792,-780,-748,-739	222234	N\A	N\A	N\A	N\A	-200	200	-200	200	0.03	-5	0	0	-1	-10000	-10000	-10000	3	2000	2	N\A	-10000	10000	0.396429	0	-10000	N\A	-10000	113	20A 1-2
P	0	72	0	11.3167	-121.589	-8.23692	-0.18668	0.555126	0.810546	0.366	0.093	116	-10000	0	4	1	A	0	586	0	0.0394	-1	0	0	-10000	-1903,-1871,-1612,-1598,-1590,-1583,-1495,-1466,-1175,-1166,-1107,-1098,-1090,-1034,-981,-822,-695,-684,-2,116,372,-1889,-1857,-1625,-1195,-1166,-1163,-1154,-1125,-1101,-1080,-1069,-1057,-1025,-1016	222511	N\A	N\A	N\A	N\A	-200	200	-200	200	0.03	-5	0	0	-1	-10000	-10000	-10000	3	2000	1	N\A	-10000	10000	0.460399	0	0.0142417	N\A	-10000	113	20A 1-2
P	0	73	0	11.3577	-120.379	-8.13422	-0.186457	0.566503	0.802688	0.318	0.075	126	-10000	0	4	1	A	0	586	0	0.0323005	-1	0	0	-10000	-1985,-1956,-1665,-1656,-1597,-1588,-1580,-1524,-1471,-1312,-1185,-1174,-492,-374,-118,126,130,-1685,-1656,-1653,-1644,-1615,-1591,-1570,-1559,-1547,-1515,-1506	223001	N\A	N\A	N\A	N\A	-200	200	-200	200	0.03	-5	0	0	-1	-10000	-10000	-10000	3	2000	1	N\A	-10000	286	0.584977	0	0.00811005	N\A	-10000	113	20A 1-2
P	0	74	0	11.3612	-119.636	-8.07498	-0.186164	0.569972	0.800297	0.369	0.075	-132	-10000	0	4	1	A	0	586	0	0.0323005	-1	0	0	-10000	-1923,-1914,-1855,-1846,-1838,-1782,-1729,-1570,-1443,-1432,-750,-632,-376,-132,-128,263,286,-1943,-1914,-1911,-1902,-1873,-1849,-1828,-1817,-1805,-1773,-1764	223259	N\A	N\A	N\A	N\A	-200	200	-200	200	0.03	-5	0	0	-1	-10000	-10000	-10000	3	2000	1	N\A	-10000	258	0.745477	0	0.00811005	N\A	-10000	113	20A 1-2
P	0	75	0	11.3531	-118.826	-8.04594	-0.185823	0.579783	0.793298	0.36	0.087	-34	-10000	0	4	1	A	0	586	0	0.0547483	-1	0	0	-10000	-1867,-1740,-1729,-1047,-929,-673,-429,-425,-34,-11,307,330,348,466,298,307,316,325,362,371,375,380,393,402,412,416	223556	N\A	N\A	N\A	N\A	-200	200	-200	200	0.03	-5	0	0	-1	-10000	-10000	-10000	3	2000	1	N\A	-10000	98	0.810497	0	0.0117218	N\A	-10000	113	20A 1-2
P	0	76	0	11.352	-118.14	-8.03678	-0.185369	0.593539	0.783167	5.133	1.854	92	-10000	0	4	1	A	0	586	0	0.168223	-1	0	0	-10000	-1996,-1985,-1303,-1185,-929,-685,-681,-290,-267,51,74,92,210,287,297,304,316,498,42,51,60,69,106,115,119,124,137,146,156,160,273,319,328,337,487	223812	N\A	N\A	N\A	N\A	-200	200	-200	200	0.03	-5	0	0	-1	-10000	-10000	-10000	3	2000	1	N\A	-10000	125	0.686502	0	0.177194	N\A	-10000	113	20A 1-2
P	0	77	0	11.3403	-116.955	-8.05413	-0.184244	0.60649	0.773449	5.361	1.608	5	-10000	0	4	1	A	0	586	0	0.0670238	-1	0	0	-10000	-1602,-1484,-1228,-984,-980,-589,-566,-248,-225,-207,-89,-12,-2,5,17,202,211,225,284,288,293,320,326,-257,-248,-239,-230,-193,-184,-180,-175,-162,-153,-143,-139,-26,20,29,38,188,220,232,243,264,297,338,349	224111	N\A	N\A	N\A	N\A	-200	200	-200	200	0.03	-5	0	0	-1	-10000	-10000	-10000	3	2000	1	N\A	-10000	87	1.1852	0	0.100307	N\A	-10000	113	20A 1-2
P	0	78	0	11.0673	-113.773	-8.19926	-0.167283	0.583027	0.795045	0.684	0.276	-172	-10000	0	4	1	A	0	586	0	0.0540103	-1	0	0	-10000	-1976,-1858,-1602,-1358,-1354,-963,-940,-622,-599,-581,-463,-386,-376,-369,-357,-172,-163,-149,-90,-86,-81,-54,-48,229,243,246,264,273,284,319,328,338,360,-631,-622,-613,-604,-567,-558,-554,-549,-536,-527,-517,-513,-400,-354,-345,-336,-186,-154,-142,-131,-110,-77,-36,-25,233,261,264,275,284,316,347,369,379,393	224485	N\A	N\A	N\A	N\A	-200	200	-200	200	0.03	-5	0	0	-1	-10000	-10000	-10000	3	2000	1	N\A	-10000	177	3.1966	0	0.0247925	N\A	-10000	113	20A 1-2
P	0	79	0	10.6282	-110.095	-8.32644	-0.14044	0.518687	0.843351	1.146	0.315	62	-10000	0	4	1	A	0	586	0	0.0749674	-1	0	0	-10000	-1868,-1624,-1620,-1229,-1206,-888,-865,-847,-729,-652,-642,-635,-623,-438,-429,-415,-356,-352,-347,-320,-314,-37,-23,-20,-2,7,18,53,62,72,94,417,426,499,-897,-888,-879,-870,-833,-824,-820,-815,-802,-793,-783,-779,-666,-620,-611,-602,-452,-420,-408,-397,-376,-343,-302,-291,-33,-5,-2,9,18,50,81,103,113,127,392,436,445,448,454	224751	N\A	N\A	N\A	N\A	-200	200	-200	200	0.03	-5	0	0	-1	-10000	-10000	-10000	3	2000	1	N\A	-10000	234	3.70635	0	0.0436578	N\A	-10000	113	20A 1-2
P	0	80	0	10.2896	-106.991	-8.35217	-0.122008	0.453429	0.882902	1.164	0.381	-194	-10000	0	4	1	A	0	586	0	0.0611956	-1	0	0	-10000	-1890,-1886,-1495,-1472,-1154,-1131,-1113,-995,-918,-908,-901,-889,-704,-695,-681,-622,-618,-613,-586,-580,-303,-289,-286,-268,-259,-248,-213,-204,-194,-172,151,160,233,255,-1163,-1154,-1145,-1136,-1099,-1090,-1086,-1081,-1068,-1059,-1049,-1045,-932,-886,-877,-868,-718,-686,-674,-663,-642,-609,-568,-557,-299,-271,-268,-257,-248,-216,-185,-163,-153,-139,126,170,179,182,188,243,247,287	225017	N\A	N\A	N\A	N\A	-200	200	-200	200	0.03	-5	0	0	-1	-10000	-10000	-10000	3	2000	1	N\A	-10000	255	3.12246	0	0.078462	N\A	-10000	113	20A 1-2
P	0	81	0	10.3342	-104.859	-8.40129	-0.127888	0.421308	0.897856	0.696	0.228	157	-10000	0	4	1	A	0	586	0	0.0551667	-1	0	0	-10000	-1890,-1867,-1549,-1526,-1508,-1390,-1313,-1303,-1296,-1284,-1099,-1090,-1076,-1017,-1013,-1008,-981,-975,-698,-684,-681,-663,-654,-643,-608,-599,-589,-567,-244,-235,-162,-140,134,138,146,157,202,257,266,414,427,470,478,-1558,-1549,-1540,-1531,-1494,-1485,-1481,-1476,-1463,-1454,-1444,-1440,-1327,-1281,-1272,-1263,-1113,-1081,-1069,-1058,-1037,-1004,-963,-952,-694,-666,-663,-652,-643,-611,-580,-558,-548,-534,-269,-225,-216,-213,-207,-152,-148,-108,148,166,189,220,234,402,416,425,434,446,457,479,489,499	225412	N\A	N\A	N\A	N\A	-200	200	-200	200	0.03	-5	0	0	-1	-10000	-10000	-10000	3	2000	1	N\A	-10000	351	2.13329	0	0.0223894	N\A	-10000	113	20A 1-2
P	0	82	0	10.4953	-103.471	-8.60959	-0.136583	0.407804	0.902796	1.068	0.57	181	-10000	0	4	1	A	0	586	0	0.109273	-1	0	0	-10000	-1795,-1772,-1754,-1636,-1559,-1549,-1542,-1530,-1345,-1336,-1322,-1263,-1259,-1254,-1227,-1221,-944,-930,-927,-909,-900,-889,-854,-845,-835,-813,-490,-481,-408,-386,-112,-108,-100,-89,-44,11,20,168,181,224,232,302,326,350,357,380,489,-1804,-1795,-1786,-1777,-1740,-1731,-1727,-1722,-1709,-1700,-1690,-1686,-1573,-1527,-1518,-1509,-1359,-1327,-1315,-1304,-1283,-1250,-1209,-1198,-940,-912,-909,-898,-889,-857,-826,-804,-794,-780,-515,-471,-462,-459,-453,-398,-394,-354,-98,-80,-57,-26,-12,156,170,179,188,200,211,233,243,253,262,274,288,297,306,317,329,338,348,361,380,393,467	225658	N\A	N\A	N\A	N\A	-200	200	-200	200	0.03	-5	0	0	-1	-10000	-10000	-10000	3	2000	1	N\A	-10000	24	1.41261	0	0.238686	N\A	-10000	113	20A 1-2
P	0	83	0	10.6002	-101.274	-8.92096	-0.140388	0.37771	0.915219	3.879	2.292	-75	-10000	0	4	1	A	0	586	0	0.396943	-1	0	0	-10000	-1935,-1858,-1848,-1841,-1829,-1644,-1635,-1621,-1562,-1558,-1553,-1526,-1520,-1243,-1229,-1226,-1208,-1199,-1188,-1153,-1144,-1134,-1112,-789,-780,-707,-685,-411,-407,-399,-388,-343,-288,-279,-131,-118,-75,-67,3,27,51,58,81,190,208,231,254,257,307,313,327,331,348,372,425,431,490,-1999,-1989,-1985,-1872,-1826,-1817,-1808,-1658,-1626,-1614,-1603,-1582,-1549,-1508,-1497,-1239,-1211,-1208,-1197,-1188,-1156,-1125,-1103,-1093,-1079,-814,-770,-761,-758,-752,-697,-693,-653,-397,-379,-356,-325,-311,-143,-129,-120,-111,-99,-88,-66,-56,-46,-37,-25,-11,-2,7,18,30,39,49,62,81,94,168,212,222,240,263,272,275,285,290,295,304,307,317,340,358,381,390,434,454,487,498	225957	N\A	N\A	N\A	N\A	-200	200	-200	200	0.03	-5	0	0	-1	-10000	-10000	-10000	3	2000	1	N\A	-10000	255	2.22136	0	0.414991	N\A	-10000	113	20A 1-2
P	0	84	0	10.6412	-95.4221	-9.2234	-0.143184	0.240231	0.960098	0.831	0.528	170	-10000	0	4	1	A	0	586	0	0.0914168	-1	0	0	-10000	-1754,-1740,-1737,-1719,-1710,-1699,-1664,-1655,-1645,-1623,-1300,-1291,-1218,-1196,-922,-918,-910,-899,-854,-799,-790,-642,-629,-586,-578,-508,-484,-460,-453,-430,-321,-303,-280,-257,-254,-204,-198,-184,-180,-163,-139,-86,-80,-21,43,52,61,64,73,79,84,93,102,147,170,184,191,314,-1750,-1722,-1719,-1708,-1699,-1667,-1636,-1614,-1604,-1590,-1325,-1281,-1272,-1269,-1263,-1208,-1204,-1164,-908,-890,-867,-836,-822,-654,-640,-631,-622,-610,-599,-577,-567,-557,-548,-536,-522,-513,-504,-493,-481,-472,-462,-449,-430,-417,-343,-299,-289,-271,-248,-239,-236,-226,-221,-216,-207,-204,-194,-171,-153,-130,-121,-77,-57,-24,-13,-3,1,11,16,20,29,61,64,73,79,105,116,125,129,137,158,179,191,202,211,214,220,229,-226466	226468	N\A	N\A	N\A	N\A	-200	200	-200	200	0.03	-5	0	0	-1	-10000	-10000	-10000	3	2000	1	N\A	-10000	244	5.85975	0	0.174285	N\A	-10000	113	20A 1-2
P	0	85	0	10.4329	-90.1091	-9.30539	-0.131457	0.063943	0.989257	1.041	0.723	-81	-10000	0	4	1	A	0	586	0	0.0843406	-1	0	0	-10000	-1695,-1686,-1613,-1591,-1317,-1313,-1305,-1294,-1249,-1194,-1185,-1037,-1024,-981,-973,-903,-879,-855,-848,-825,-716,-698,-675,-652,-649,-599,-593,-579,-575,-558,-534,-481,-475,-416,-352,-343,-334,-331,-322,-316,-311,-302,-293,-248,-225,-211,-204,-81,-1999,-1985,-1720,-1676,-1667,-1664,-1658,-1603,-1599,-1559,-1303,-1285,-1262,-1231,-1217,-1049,-1035,-1026,-1017,-1005,-994,-972,-962,-952,-943,-931,-917,-908,-899,-888,-876,-867,-857,-844,-825,-812,-738,-694,-684,-666,-643,-634,-631,-621,-616,-611,-602,-599,-589,-566,-548,-525,-516,-472,-452,-419,-408,-398,-394,-384,-379,-375,-366,-334,-331,-322,-316,-290,-279,-270,-266,-258,-237,-216,-204,-193,-184,-181,-175,-166,-134,-116,-108,-75,-66,-57,-43	226863	N\A	N\A	N\A	N\A	-200	200	-200	200	0.03	-5	0	0	-1	-10000	-10000	-10000	3	2000	1	N\A	-10000	250	5.31767	0	0.153137	N\A	-10000	113	20A 1-2
P	0	86	0	10.1309	-88.5297	-8.85667	-0.109898	-0.00256722	0.99394	0.513	0.036	-10000	-10000	0	4	1	A	0	586	0	-10000	-1	0	0	-10000	-1898,-1889,-1816,-1794,-1520,-1516,-1508,-1497,-1452,-1397,-1388,-1240,-1227,-1184,-1176,-1106,-1082,-1058,-1051,-1028,-919,-901,-878,-855,-852,-802,-796,-782,-778,-761,-737,-684,-678,-619,-555,-546,-537,-534,-525,-519,-514,-505,-496,-451,-428,-414,-407,-284,-1923,-1879,-1870,-1867,-1861,-1806,-1802,-1762,-1506,-1488,-1465,-1434,-1420,-1252,-1238,-1229,-1220,-1208,-1197,-1175,-1165,-1155,-1146,-1134,-1120,-1111,-1102,-1091,-1079,-1070,-1060,-1047,-1028,-1015,-941,-897,-887,-869,-846,-837,-834,-824,-819,-814,-805,-802,-792,-769,-751,-728,-719,-675,-655,-622,-611,-601,-597,-587,-582,-578,-569,-537,-534,-525,-519,-493,-482,-473,-469,-461,-440,-419,-407,-396,-387,-384,-378,-369,-337,-319,-311,-278,-269,-260,-246	227066	N\A	N\A	N\A	N\A	-200	200	-200	200	0.03	-5	0	0	-1	-10000	-10000	-10000	3	2000	2	N\A	-10000	10000	1.66949	0	-10000	N\A	-10000	113	20A 1-2
P	0	87	0	9.35711	-88.0426	-2.43109	-0.0722683	-0.0519819	0.99603	0.321	0.102	145	-10000	0	4	1	A	0	586	0	0.0511497	-1	0	0	-10000	-1998,-1953,-1898,-1889,-1741,-1728,-1685,-1677,-1607,-1583,-1559,-1552,-1529,-1420,-1402,-1379,-1356,-1353,-1303,-1297,-1283,-1279,-1262,-1238,-1185,-1179,-1120,-1056,-1047,-1038,-1035,-1026,-1020,-1015,-1006,-997,-952,-929,-915,-908,-785,163,181,-1989,-1966,-1935,-1921,-1753,-1739,-1730,-1721,-1709,-1698,-1676,-1666,-1656,-1647,-1635,-1621,-1612,-1603,-1592,-1580,-1571,-1561,-1548,-1529,-1516,-1442,-1398,-1388,-1370,-1347,-1338,-1335,-1325,-1320,-1315,-1306,-1303,-1293,-1270,-1252,-1229,-1220,-1176,-1156,-1123,-1112,-1102,-1098,-1088,-1083,-1079,-1070,-1038,-1035,-1026,-1020,-994,-983,-974,-970,-962,-941,-920,-908,-897,-888,-885,-879,-870,-838,-820,-812,-779,-770,-761,-747,145	227567	N\A	N\A	N\A	N\A	-200	200	-200	200	0.03	-5	0	0	-1	-10000	-10000	-10000	3	2000	0	N\A	-10000	10000	0.364076	0	0.0276515	N\A	-10000	113	20A 1-2
P	0	88	0	10.2062	-145.142	-7.67403	0.292865	-0.000160366	0.956154	7.563	3.81	174	-10000	0	4	1	A	0	586	0	0.412235	-1	0	0	-10000	-1468,-1458,-1447,-1436,-1403,-1394,-1385,-1362,-1354,-1341,-1321,-1300,-1235,-1222,-989,-980,-968,-959,-862,-859,-818,-422,-389,-377,78,134,174,-1499,-1489,-1426,-1417,-1394,-1385,-1371,-1359,-1353,-1340,-1332,-1327,-1267,-1233,-1226,-1212,-1203,-1009,-1000,-977,-959,-945,-935,-926,-918,-433,-423,-415,-404,-368,-359,-354,-350,-341,-336,-330,46,55,59,91,96,109,118,141,149,164,196,205,218,227,241,249,259	629529	N\A	N\A	N\A	N\A	-200	200	-200	200	0.03	-5	0	0	-1	-10000	-10000	-10000	3	2000	1	N\A	-10000	318	2.72317	0	0.47923	N\A	-10000	113	20A 1-2
P	0	89	0	9.80964	-145.147	-8.32978	0.78064	0.0102654	0.624897	0.777	0.102	66	-10000	0	4	1	A	0	586	0	0.041571	-1	0	0	-10000	-1993,-1984,-1887,-1884,-1843,-1447,-1414,-1402,-947,-891,-851,-444,-252,-243,66,-1984,-1970,-1960,-1951,-1943,-1458,-1448,-1440,-1429,-1393,-1384,-1379,-1375,-1366,-1361,-1355,-979,-970,-966,-934,-929,-916,-907,-884,-876,-861,-829,-820,-807,-798,-784,-776,-766,-426,-267,-221	630554	N\A	N\A	N\A	N\A	-200	200	-200	200	0.03	-5	0	0	-1	-10000	-10000	-10000	3	2000	1	N\A	-10000	73	0.0385919	0	0.0149078	N\A	-10000	113	20A 1-2
P	0	90	0	9.74187	-145.202	-8.3158	0.807672	0.0703125	0.585425	0.759	0.024	-10000	-10000	0	4	1	A	0	586	0	-10000	-1	0	0	-10000	-1598,-1542,-1502,-1095,-903,-894,-585,473,482,-1630,-1621,-1617,-1585,-1580,-1567,-1558,-1535,-1527,-1512,-1480,-1471,-1458,-1449,-1435,-1427,-1417,-1077,-918,-872,491	631205	N\A	N\A	N\A	N\A	-200	200	-200	200	0.03	-5	0	0	-1	-10000	-10000	-10000	3	2000	2	N\A	-10000	10000	0.0442636	0	-10000	N\A	-10000	113	20A 1-2
P	0	91	0	9.78311	-145.226	-8.33609	0.848058	0.0194472	0.529546	0.705	0.234	120	-10000	0	4	1	A	0	586	0	0.0436422	-1	0	0	-10000	-1960,-1904,-1864,-1457,-1265,-1256,-947,111,120,474,-1992,-1983,-1979,-1947,-1942,-1929,-1920,-1897,-1889,-1874,-1842,-1833,-1820,-1811,-1797,-1789,-1779,-1439,-1280,-1234,129,138	631567	N\A	N\A	N\A	N\A	-200	200	-200	200	0.03	-5	0	0	-1	-10000	-10000	-10000	3	2000	1	N\A	-10000	10000	0.052126	0	0.0326037	N\A	-10000	113	20A 1-2
P	0	92	0	15.7589	-145.498	-5.84416	0.879443	-0.0678501	0.471143	5.919	3.852	76	-10000	0	4	1	A	0	586	0	0.756994	-1	0	0	-10000	-1957,-1765,-1756,-1447,-389,-380,-26,46,57,69,88,102,110,119,133,143,152,175,442,451,-1939,-1780,-1734,-371,-362,76,166,428,460,474	632067	N\A	N\A	N\A	N\A	-200	200	-200	200	0.03	-5	0	0	-1	-10000	-10000	-10000	3	2000	0	N\A	-10000	201	1.08137	0	1.05238	N\A	-10000	113	20A 1-2
P	0	93	0	13.253	-145.064	-8.15258	0.875386	-0.0846195	0.475961	0.573	1.635	151	-10000	0	4	1	A	0	586	0	0.0422599	-1	0	0	-10000	-1747,-689,-680,-326,-254,-243,-231,-212,-198,-190,-181,-167,-157,-148,-125,142,151,310,319,-671,-662,-224,-134,128,160,174	632367	N\A	N\A	N\A	N\A	-200	200	-200	200	0.03	-5	0	0	-1	-10000	-10000	-10000	3	2000	1	N\A	-10000	75	2.11905	0	0.0188576	N\A	-10000	113	20A 1-2
P	0	94	0	19.6313	-144.623	-7.69985	0.835518	-0.112185	0.537889	1.653	0.492	-9	-10000	0	4	1	A	0	586	0	0.0563132	-1	0	0	-10000	-1479,-1470,-1116,-1044,-1033,-1021,-1002,-988,-980,-971,-957,-947,-938,-915,-648,-639,-480,-471,-53,-42,-17,-9,129,-1461,-1452,-1014,-924,-662,-630,-616,-71,-62,-53,-30,-21,11,15,24,34,43	633157	N\A	N\A	N\A	N\A	-200	200	-200	200	0.03	-5	0	0	-1	-10000	-10000	-10000	3	2000	1	N\A	-10000	202	1.64682	0	0.0450639	N\A	-10000	113	20A 1-2
P	0	95	0	22.1878	-144.292	-7.63727	0.819471	-0.133471	0.557362	0.888	0.036	-10000	-10000	0	4	1	A	0	586	0	-10000	-1	0	0	-10000	-1839,-1830,-1476,-1404,-1393,-1381,-1362,-1348,-1340,-1331,-1317,-1307,-1298,-1275,-1008,-999,-840,-831,-413,-402,-377,-369,-231,477,-1821,-1812,-1374,-1284,-1022,-990,-976,-431,-422,-413,-390,-381,-349,-345,-336,-326,-317,495	633517	N\A	N\A	N\A	N\A	-200	200	-200	200	0.03	-5	0	0	-1	-10000	-10000	-10000	3	2000	2	N\A	-10000	10000	1.09519	0	-10000	N\A	-10000	113	20A 1-2
P	0	96	0	27.2003	-143.901	-7.62756	0.823605	-0.149008	0.547239	15.798	7.641	60	-10000	0	4	1	A	0	586	0	0.908379	-1	0	0	-10000	-1993,-1982,-1970,-1951,-1937,-1929,-1920,-1906,-1896,-1887,-1864,-1597,-1588,-1429,-1420,-1002,-991,-966,-958,-820,-112,-80,12,60,161,192,203,-1963,-1873,-1611,-1579,-1565,-1020,-1011,-1002,-979,-970,-938,-934,-925,-915,-906,-94,-62,24,33,47,56,88,97,109,120,129,138,174,206	634106	N\A	N\A	N\A	N\A	-200	200	-200	200	0.03	-5	0	0	-1	-10000	-10000	-10000	3	2000	1	N\A	-10000	10000	5.02769	0	0.991428	N\A	-10000	113	20A 1-2
P	0	97	0	31.8841	-143.734	-7.65785	0.804902	-0.152729	0.573417	3.45	0.087	148	-10000	0	4	1	A	0	586	0	0.0286395	-1	0	0	-10000	-1878,-1869,-1451,-1440,-1415,-1407,-1269,-561,-529,-437,-389,-288,-257,-246,95,148,-1469,-1460,-1451,-1428,-1419,-1387,-1383,-1374,-1364,-1355,-543,-511,-425,-416,-402,-393,-361,-352,-340,-329,-320,-311,-275,-243,130	634555	N\A	N\A	N\A	N\A	-200	200	-200	200	0.03	-5	0	0	-1	-10000	-10000	-10000	3	2000	1	N\A	-10000	290	2.37926	0	0.010135	N\A	-10000	113	20A 1-2
P	0	98	0	33.1453	-143.69	-7.67521	0.796527	-0.154733	0.584467	0.675	0.087	-74	-10000	0	4	1	A	0	586	0	0.0286395	-1	0	0	-10000	-1673,-1662,-1637,-1629,-1491,-783,-751,-659,-611,-510,-479,-468,-127,-74,-1691,-1682,-1673,-1650,-1641,-1609,-1605,-1596,-1586,-1577,-765,-733,-647,-638,-624,-615,-583,-574,-562,-551,-542,-533,-497,-465,-92	634777	N\A	N\A	N\A	N\A	-200	200	-200	200	0.03	-5	0	0	-1	-10000	-10000	-10000	3	2000	1	N\A	-10000	222	1.26209	0	0.010135	N\A	-10000	113	20A 1-2
P	0	99	0	34.4342	-143.632	-7.72283	0.787356	-0.156778	0.596231	0.27	0.027	-10000	-10000	0	4	1	A	0	586	0	-10000	-1	0	0	-10000	-1423,-1391,-1299,-1251,-1150,-1119,-1108,-767,-714,453,458,-1405,-1373,-1287,-1278,-1264,-1255,-1223,-1214,-1202,-1191,-1182,-1173,-1137,-1105,-732	635417	N\A	N\A	N\A	N\A	-200	200	-200	200	0.03	-5	0	0	-1	-10000	-10000	-10000	3	2000	2	N\A	-10000	0	0.414893	0	-10000	N\A	-10000	113	20A 1-2
P	0	100	0	35.5633	-143.617	-7.77682	0.774642	-0.155844	0.612897	0.309	0.102	164	-10000	0	4	1	A	0	586	0	0.0259242	-1	0	0	-10000	-1712,-1680,-1588,-1540,-1439,-1408,-1397,-1056,-1003,164,169,272,-1694,-1662,-1576,-1567,-1553,-1544,-1512,-1503,-1491,-1480,-1471,-1462,-1426,-1394,-1021,278,291,300,314	635706	N\A	N\A	N\A	N\A	-200	200	-200	200	0.03	-5	0	0	-1	-10000	-10000	-10000	3	2000	1	N\A	-10000	10000	1.13055	0	0.00962632	N\A	-10000	113	20A 1-2
P	0	101	0	39.1472	-143.632	-7.86814	0.721777	-0.153893	0.674799	0.528	0.042	-10000	-10000	0	4	1	A	0	586	0	-10000	-1	0	0	-10000	-1983,-1972,-1631,-1578,-411,-406,-303,-1969,-1596,-297,-284,-275,-261	636281	N\A	N\A	N\A	N\A	-200	200	-200	200	0.03	-5	0	0	-1	-10000	-10000	-10000	3	2000	2	N\A	-10000	10000	3.58506	0	-10000	N\A	-10000	113	20A 1-2
P	0	102	0	42.5273	-143.546	-7.92635	0.652418	-0.157259	0.741364	0.36	0.063	87	-10000	0	4	1	A	0	586	0	0.0257754	-1	0	0	-10000	-935,-930,-827,11,87,205,215,473,-821,-808,-799,-785	636805	N\A	N\A	N\A	N\A	-200	200	-200	200	0.03	-5	0	0	-1	-10000	-10000	-10000	3	2000	1	N\A	-10000	10000	1.7501	0	0.00800563	N\A	-10000	113	20A 1-2
P	0	103	0	45.469	-143.52	-7.96481	0.594718	-0.159857	0.787881	0.372	0.102	-198	-10000	0	4	1	A	0	586	0	0.0366601	-1	0	0	-10000	-1338,-1333,-1230,-392,-316,-198,-188,70,143,152,188,356,441,461,-1224,-1211,-1202,-1188,206,474	637208	N\A	N\A	N\A	N\A	-200	200	-200	200	0.03	-5	0	0	-1	-10000	-10000	-10000	3	2000	1	N\A	-10000	285	2.94208	0	0.00850327	N\A	-10000	113	20A 1-2
P	0	104	0	51.8136	-143.605	-8.04437	0.464828	-0.156639	0.871435	0.486	0.171	162	-10000	0	4	1	A	0	586	0	0.0449325	-1	0	0	-10000	-1979,-1141,-1065,-947,-937,-679,-606,-597,-561,-393,-308,-288,-208,-29,34,38,62,80,85,107,162,171,194,374,430,438,-1973,-1960,-1951,-1937,-543,-275,-223,-188,56,139,148,180,206,212,385,406,420,438	637957	N\A	N\A	N\A	N\A	-200	200	-200	200	0.03	-5	0	0	-1	-10000	-10000	-10000	3	2000	1	N\A	-10000	13	1.88299	0	0.0362871	N\A	-10000	113	20A 1-2
P	0	105	0	56.2145	-143.782	-8.06749	0.3745	-0.14879	0.915211	0.852	0.342	-159	-10000	0	4	1	A	0	586	0	0.0721233	-1	0	0	-10000	-1738,-1662,-1544,-1534,-1276,-1203,-1194,-1158,-990,-905,-885,-805,-626,-563,-559,-535,-517,-512,-490,-435,-426,-403,-223,-167,-159,97,141,173,196,206,215,-1140,-872,-820,-785,-541,-458,-449,-417,-391,-385,-212,-191,-177,-159,160,182,186,215,218,227	638554	N\A	N\A	N\A	N\A	-200	200	-200	200	0.03	-5	0	0	-1	-10000	-10000	-10000	3	2000	1	N\A	-10000	297	1.96877	0	0.111753	N\A	-10000	113	20A 1-2
P	0	106	0	59.9082	-143.699	-8.08457	0.28779	-0.147455	0.946274	1.503	0.603	151	-10000	0	4	1	A	0	586	0	0.068819	-1	0	0	-10000	-1993,-1983,-1725,-1652,-1643,-1607,-1439,-1354,-1334,-1254,-1075,-1012,-1008,-984,-966,-961,-939,-884,-875,-852,-672,-616,-608,-352,-308,-276,-253,-243,-234,127,151,174,396,428,-1589,-1321,-1269,-1234,-990,-907,-898,-866,-840,-834,-661,-640,-626,-608,-289,-267,-263,-234,-231,-222,106,116,128,142,160,169,183,192,215,224	639003	N\A	N\A	N\A	N\A	-200	200	-200	200	0.03	-5	0	0	-1	-10000	-10000	-10000	3	2000	1	N\A	-10000	181	2.2788	0	0.0453961	N\A	-10000	113	20A 1-2
P	0	107	0	65.2133	-143.693	-7.85063	0.111108	-0.14847	0.982655	0.849	0.087	-105	-10000	0	4	1	A	0	586	0	0.0297714	-1	0	0	-10000	-1940,-1855,-1835,-1755,-1576,-1513,-1509,-1485,-1467,-1462,-1440,-1385,-1376,-1353,-1173,-1117,-1109,-853,-809,-777,-754,-744,-735,-374,-350,-327,-105,-73,-1822,-1770,-1735,-1491,-1408,-1399,-1367,-1341,-1335,-1162,-1141,-1127,-1109,-790,-768,-764,-735,-732,-723,-395,-385,-373,-359,-341,-332,-318,-309,-286,-277	639504	N\A	N\A	N\A	N\A	-200	200	-200	200	0.03	-5	0	0	-1	-10000	-10000	-10000	3	2000	1	N\A	-10000	12	2.52266	0	0.0138254	N\A	-10000	113	20A 1-2
P	0	108	0	14.0436	-150.596	46.8386	0.0802521	0.981511	0.173768	1.386	0.795	128	-10000	0	4	1	A	0	586	0	0.0521472	-1	0	0	-10000	-1660,-1469,-1152,-1140,-1129,-1091,-1045,-1011,-978,-970,-944,-938,-928,-790,-661,-649,-638,-629,-617,-606,109,118,-1642,-1193,-1075,-970,-958,-811,-766,-747,-734,-714,-679,-670,-641,-617,-608,-597,-585,88,96,106,128,140	1101829	N\A	N\A	N\A	N\A	-200	200	-200	200	0.03	-5	0	0	-1	-10000	-10000	-10000	3	2000	0	N\A	-10000	244	0.575944	0	0.0334632	N\A	-10000	113	20A 1-2
P	0	109	0	38.9188	-154.9	46.0167	-0.00591994	0.979435	0.201675	0.369	0.093	-147	-10000	0	4	1	A	0	586	0	0.0193147	-1	0	0	-10000	-1823,-1652,-583,-573,-147,-112,-1820,-1811,-1683,-1670,-1661,-1638,-1629,-1620,-1606,-688,-682,-603,-594,-562,-94	1109518	N\A	N\A	N\A	N\A	-200	200	-200	200	0.03	-5	0	0	-1	-10000	-10000	-10000	3	2000	1	N\A	-10000	45	1.67813	0	0.009145	N\A	-10000	113	20A 1-2
P	0	110	0	64.0952	-155.481	45.4581	-0.066801	0.982044	0.176432	0.405	0.087	-118	-10000	0	4	1	A	0	586	0	0.0178258	-1	0	0	-10000	-1836,-1341,-1335,-1322,-118,-1353	1116304	N\A	N\A	N\A	N\A	-200	200	-200	200	0.03	-5	0	0	-1	-10000	-10000	-10000	3	2000	1	N\A	-10000	245	1.11553	0	0.0128443	N\A	-10000	113	20A 1-2
P	0	111	0	53.9627	-156.152	30.4643	-0.041213	0.985181	0.166491	0.162	0.06	-10000	-10000	0	4	1	A	0	586	0	-10000	-1	0	0	-10000	-310,-264,236,245,-296,-287,-278,227	1123504	N\A	N\A	N\A	N\A	-200	200	-200	200	0.03	-5	0	0	-1	-10000	-10000	-10000	3	2000	2	N\A	-10000	10000	0.227608	0	-10000	N\A	-10000	113	20A 1-2
P	0	112	0	39.7289	-155.17	30.7186	-0.0183497	0.979993	0.198182	0.216	0.051	-10000	-10000	0	4	1	A	0	586	0	-10000	-1	0	0	-10000	-1683,-1234,-1225,-1214,-1184,-1171,-1149,-1138,-309,-299,-1202,-1184,-1173,-1152,-1138	1129754	N\A	N\A	N\A	N\A	-200	200	-200	200	0.03	-5	0	0	-1	-10000	-10000	-10000	3	2000	2	N\A	-10000	10000	1.34983	0	-10000	N\A	-10000	113	20A 1-2
P	0	113	0	23.6441	-153.38	30.5845	0.112947	0.972468	0.203836	0.888	0.315	150	-10000	0	4	1	A	0	586	0	0.0335267	-1	0	0	-10000	-1468,-1405,45,145,150,-1415,-1396,132,206	1136355	N\A	N\A	N\A	N\A	-200	200	-200	200	0.03	-5	0	0	-1	-10000	-10000	-10000	3	2000	1	N\A	-10000	10000	2.30676	0	0.019535	N\A	-10000	113	20A 1-2
P	0	114	0	62.9947	-150.522	16.3223	-0.162808	0.933105	0.320638	0.156	0.036	-10000	-10000	0	4	1	A	0	586	0	-10000	-1	0	0	-10000	-231,-222,-209,-251	1149305	N\A	N\A	N\A	N\A	-200	200	-200	200	0.03	-5	0	0	-1	-10000	-10000	-10000	3	2000	2	N\A	-10000	10000	1.06948	0	-10000	N\A	-10000	113	20A 1-2
P	0	115	0	50.9441	-154.867	15.609	-0.0363121	0.982845	0.180822	1.365	0.891	-95	-10000	0	4	1	A	0	586	0	0.223264	-1	0	0	-10000	-1970,-1950,-1128,-1075,-1067,-511,-467,-458,-171,-157,-95,70,320,493,-1169,-1163,-1099,-531,-522,-499,-489,-477,-445,-434,-425,-145,-136,-125,-116,-104,-94,-83,-72,76,88,97	1155556	N\A	N\A	N\A	N\A	-200	200	-200	200	0.03	-5	0	0	-1	-10000	-10000	-10000	3	2000	1	N\A	-10000	138	0.49466	0	0.310349	N\A	-10000	113	20A 1-2
P	0	116	0	38.6893	-155.269	15.8405	0.0169864	0.983122	0.182161	12.825	8.805	83	-10000	0	4	1	A	0	586	0	1.26078	-1	0	0	-10000	-1888,-1879,-1833,-1826,-1779,-1770,-1696,-1687,-1673,-1664,-1620,-1610,-1600,-1587,-1579,-522,-513,83,-1846,-1823,-1814,-1802,-1791,-1782,-1729,-1719,-1652,-1642,-1632,43,52,62,76,97,120,129,138,152	1161254	N\A	N\A	N\A	N\A	-200	200	-200	200	0.03	-5	0	0	-1	-10000	-10000	-10000	3	2000	1	N\A	-10000	58	1.17435	0	1.43298	N\A	-10000	113	20A 1-2
P	0	117	0	26.6178	-154.795	16.2792	0.0356088	0.978612	0.202611	2.28	1.512	-84	-10000	0	4	1	A	0	586	0	0.254513	-1	0	0	-10000	-1630,-1589,-1533,-299,-222,-211,-203,-95,-84,-31,-20,10,255,-1610,-1598,-1580,-1566,-1557,-1548,-1524,-1515,-1502,-288,-276,-267,-258,-246,-235,-117,-108,-96,-72,-63,-52,-43,-11	1167003	N\A	N\A	N\A	N\A	-200	200	-200	200	0.03	-5	0	0	-1	-10000	-10000	-10000	3	2000	1	N\A	-10000	10000	2.16853	0	0.275582	N\A	-10000	113	20A 1-2
P	0	118	0	13.2735	-156.627	15.8322	0.0859134	0.982087	0.167702	1.155	0.102	111	-10000	0	4	1	A	0	586	0	0.0306666	-1	0	0	-10000	-530,-521,-510,-500,-486,-454,-444,-433,-403,-324,-318,-274,-262,-253,-243,111,464,-521,-424,-380,-371,-357,-348,-339,-329,-294,-284,-221,-212,-198	1174808	N\A	N\A	N\A	N\A	-200	200	-200	200	0.03	-5	0	0	-1	-10000	-10000	-10000	3	2000	1	N\A	-10000	2	1.84169	0	0.0151814	N\A	-10000	113	20A 1-2
P	0	119	0	11.3703	-156.628	0.45641	0.0208188	0.983329	0.180639	0.219	0.033	-10000	-10000	0	4	1	A	0	586	0	-10000	-1	0	0	-10000	-1913,-1651,-1639,-1631,-1610,-1340,-1216,-1202,-646,-640,-499,-490,-1928,-1906,-1898,-1619,-1222,-1213,-658,-458	1183204	N\A	N\A	N\A	N\A	-200	200	-200	200	0.03	-5	0	0	-1	-10000	-10000	-10000	3	2000	2	N\A	-10000	10000	0.643413	0	-10000	N\A	-10000	113	20A 1-2
P	0	120	0	21.9685	-156.587	1.17098	-0.0298033	0.985891	0.164712	0.144	0.012	-10000	-10000	0	4	1	A	0	586	0	-10000	-1	0	0	-10000	-1972,-1755,-1672,-1510,-1481,-1469,-1449,-1425,-1410,-1396,-1387,-396,-1460,-1417,-1364,-1355,-1341,-391	1189444	N\A	N\A	N\A	N\A	-200	200	-200	200	0.03	-5	0	0	-1	-10000	-10000	-10000	3	2000	2	N\A	-10000	10000	0.212917	0	-10000	N\A	-10000	113	20A 1-2
P	0	121	0	32.0193	-154.99	1.00033	-0.108831	0.98141	0.158081	0.222	0.042	-10000	-10000	0	4	1	A	0	586	0	-10000	-1	0	0	-10000	-976,-766,-744,-391,-381,-367,-340,-326,-317,-305,-295,-285,-702,-362	1198467	N\A	N\A	N\A	N\A	-200	200	-200	200	0.03	-5	0	0	-1	-10000	-10000	-10000	3	2000	2	N\A	-10000	10000	1.53244	0	-10000	N\A	-10000	113	20A 1-2
P	0	122	0	41.9237	-156.62	0.730257	-0.0389395	0.988774	0.144256	0.303	0.024	-10000	-10000	0	4	1	A	0	586	0	-10000	-1	0	0	-10000	-1062,-1038,-1023,-1011,-455,-255,-1087,-1055	1206191	N\A	N\A	N\A	N\A	-200	200	-200	200	0.03	-5	0	0	-1	-10000	-10000	-10000	3	2000	2	N\A	-10000	10000	2.14898	0	-10000	N\A	-10000	113	20A 1-2
P	0	123	0	50.0829	-156.794	0.70064	-0.0603581	0.98875	0.136858	0.162	0.018	-10000	-10000	0	4	1	A	0	586	0	-10000	-1	0	0	-10000	-1345,-1221,-1197,-1168,-872,-812,-790,-777,-764,-757,-1247,-1236,-1226,-1214,-1194,-1173,-1164,-822,-808,-799,-785,-755,-702,-693	1213808	N\A	N\A	N\A	N\A	-200	200	-200	200	0.03	-5	0	0	-1	-10000	-10000	-10000	3	2000	2	N\A	-10000	0	0.406699	0	-10000	N\A	-10000	113	20A 1-2
P	0	124	0	58.1602	-154.15	0.811402	-0.0406499	0.982263	0.183049	0.45	0.177	-8	-10000	0	4	1	A	0	586	0	0.0328279	-1	0	0	-10000	-1919,-1910,-1887,-1865,-1842,-1833,-1801,-1789,-8,375,-1896,-1873,-1865,-1823,-1813	1221156	N\A	N\A	N\A	N\A	-200	200	-200	200	0.03	-5	0	0	-1	-10000	-10000	-10000	3	2000	1	N\A	-10000	10000	0.460845	0	0.0483914	N\A	-10000	113	20A 1-2
P	0	125	0	66.6303	-155.386	0.613002	-0.115385	0.985041	0.127987	0.174	0.087	-10	-10000	0	4	1	A	0	586	0	0.0238144	-1	0	0	-10000	-1981,-1948,-1822,-1813,-1801,-1781,-1437,-1427,-1415,-1405,-1386,-1377,-1169,-1098,-10,151,-1960,-1951,-1940,-1927,-1909,-1842,-1833,-1801,-1778,-1769,-1759,-1748,-1536,-1443	1226906	N\A	N\A	N\A	N\A	-200	200	-200	200	0.03	-5	0	0	-1	-10000	-10000	-10000	3	2000	1	N\A	-10000	201	0.060276	0	0.00814301	N\A	-10000	113	20A 1-2
P	0	126	0	59.6327	-155.691	-6.42647	-0.168588	0.980405	0.101902	0.183	0.012	-10000	-10000	0	4	1	A	0	586	0	-10000	-1	0	0	-10000	-1596,-1354,-1287,-1278,-1255,-1234,-1222,-1190,-1178,-529,335,347,-1351,-1328,-1275,-1264,-1222,-1213,324,368	1232749	N\A	N\A	N\A	N\A	-200	200	-200	200	0.03	-5	0	0	-1	-10000	-10000	-10000	3	2000	2	N\A	-10000	0	0.086232	0	-10000	N\A	-10000	113	20A 1-2
P	0	127	0	51.8581	-155.08	-6.31655	-0.00285908	0.988874	0.148727	0.174	0.012	-10000	-10000	0	4	1	A	0	586	0	-10000	-1	0	0	-10000	-883,-874	1265755	N\A	N\A	N\A	N\A	-200	200	-200	200	0.03	-5	0	0	-1	-10000	-10000	-10000	3	2000	2	N\A	-10000	0	0.18494	0	-10000	N\A	-10000	113	20A 1-2
P	0	128	0	45.4244	-154.997	-6.45372	-0.00781874	0.990153	0.139767	0.366	0.06	-10000	-10000	0	4	1	A	0	586	0	-10000	-1	0	0	-10000	-1981,-1958,-1896,-1876,-1852,-1842,-1822,-1813,-1790,-1781,-1767,-1758,-1747,-1917,-1907,-1864,-1805,-1793	1271930	N\A	N\A	N\A	N\A	-200	200	-200	200	0.03	-5	0	0	-1	-10000	-10000	-10000	3	2000	2	N\A	-10000	0	1.00383	0	-10000	N\A	-10000	113	20A 1-2
P	0	129	0	38.4868	-155.917	-6.56126	-0.0311498	0.991704	0.124708	0.216	0.042	-10000	-10000	0	4	1	A	0	586	0	-10000	-1	0	0	-10000	-1993,-1947,-1936,-1844,-1054,-550,-2000,-1915,-1907,-1894,-1885,-1808,-1799,-1095,-1086,-1041,-1032,-1018	1277368	N\A	N\A	N\A	N\A	-200	200	-200	200	0.03	-5	0	0	-1	-10000	-10000	-10000	3	2000	2	N\A	-10000	10000	0.0459856	0	-10000	N\A	-10000	113	20A 1-2
P	0	130	0	31.7822	-154.01	-6.3034	0.0248463	0.982632	0.183896	0.249	0.027	-10000	-10000	0	4	1	A	0	586	0	-10000	-1	0	0	-10000	-1899,-1317,-1311,-1300,-1236,-1216,-1211,-1141,-1064,-1053,-1023,-991,-977,-882,-542,-1288,-1277,-1268,-1256,-1246,-1223,-1214,-1203,-1191,-1173,-1147,-1115,-1106,-1096,-1085,-1076,-1044,-1021,-1000,-968,-959,-946,-935,-924,-914,-659	1282308	N\A	N\A	N\A	N\A	-200	200	-200	200	0.03	-5	0	0	-1	-10000	-10000	-10000	3	2000	2	N\A	-10000	0	0.0545122	0	-10000	N\A	-10000	113	20A 1-2
P	0	131	0	25.3617	-155.463	-6.28523	-0.0203271	0.988809	0.147795	0.228	0.06	-10000	-10000	0	4	1	A	0	586	0	-10000	-1	0	0	-10000	-10000	1289134	N\A	N\A	N\A	N\A	-200	200	-200	200	0.03	-5	0	0	-1	-10000	-10000	-10000	3	2000	2	N\A	-10000	0	0.547051	0	-10000	N\A	-10000	113	20A 1-2
P	0	132	0	18.7922	-156.522	-6.48869	0.00825906	0.990713	0.135717	0.399	0.075	-136	-10000	0	4	1	A	0	586	0	0.0249631	-1	0	0	-10000	-1781,-1771,-1683,-1458,-1416,-1404,-1395,-1222,-786,-779,-730,-136,14,21,-1813,-1801,-1777,-1768,-1736,-1435,-1372,-1222,-765	1301807	N\A	N\A	N\A	N\A	-200	200	-200	200	0.03	-5	0	0	-1	-10000	-10000	-10000	3	2000	1	N\A	-10000	10000	1.25152	0	0.00995235	N\A	-10000	113	20A 1-2
