VERSION_6_0 1-VG
P	0	1	0	74.4425	-49.7267	128.84	-1.5527	0.61069	-2.08499	2.904	0.069	-10000	120.75	0	4	1	A	0	18076	0	-10000	-1	0	0	-10000	-1538,-666,-599,374	2225524	N\A	N\A	N\A	N\A
P	0	6	0	74.7004	-37.8583	137.001	-1.35002	0.636506	-1.67999	1.959	0.045	-10000	121.75	0	4	1	A	0	18076	0	-10000	-1	0	0	-10000	-279,-274	2377420	N\A	N\A	N\A	N\A
P	0	7	0	73.8774	-35.1398	135.522	-1.3639	0.620886	-1.67731	1.77	0.042	-10000	121.5	0	4	1	A	0	18076	0	-10000	-1	0	0	-10000	-288,374,379	2383171	N\A	N\A	N\A	N\A
P	0	8	0	73.8812	-27.9205	165.558	-0.605986	0.438297	-0.82761	6.807	1.182	-89	-10000	0	4	1	A	0	18076	0	0.228647	-1	0	0	-10000	-1400,-1395,-750,-745,-717,-89,-79,300,322,333,367,377	2497384	N\A	N\A	N\A	N\A
P	0	9	0	79.1238	-70.0323	125.732	1.76146	-0.48665	0.697715	3.261	0.066	-160	-10000	0	4	1	A	0	18076	0	-10000	-1	0	0	-10000	-1474,-813,-808,-160,-141	2539766	N\A	N\A	N\A	N\A
P	0	10	0	81.0004	-61.1753	117.818	2.32868	-1.0587	0.296479	2.79	0.111	-102	-10000	0	4	1	A	0	18076	0	0.0491388	-1	0	0	-10000	-1441,-1429,-1424,-1413,-774,-757,-752,-746,-102,-97,-91	2547052	N\A	N\A	N\A	N\A
P	0	11	0	74.9322	-54.4713	111.373	2.61333	-0.947802	0.106303	2.79	0.294	-148	-10000	0	4	1	A	0	18076	0	-10000	-1	0	0	-10000	-1407,-1397,-757,-747,-741,-736,-114,-86,-148,-74,-70	2550374	N\A	N\A	N\A	N\A
P	0	12	0	86.396	-58.5463	117.73	-2.45847	-1.26185	-1.15422	2.391	0.186	-84	-10000	0	4	1	A	0	18076	0	-10000	-1	0	0	-10000	-1370,-1365,-710,-704,-699,-60,-54,-50,-84,-38	2556284	N\A	N\A	N\A	N\A
P	0	14	0	32.9098	-55.6185	150.831	0.95802	0.43762	-0.166016	5.508	0.615	-9	-10000	0	4	1	A	0	18076	0	0.246319	-1	0	0	-10000	-1808,-1791,-1753,-1747,-1736,-1725,-1720,-1187,-1131,-1125,-1121,-1087,-1081,-1070,-1065,-1059,-1054,-926,-921,-89,-76,-63,-54,-49,-43,-38,-9,51,62,340,351,357,384,390,395,428	2579153	N\A	N\A	N\A	N\A
P	0	15	0	64.6369	-27.2833	171.433	-0.340783	0.378195	-0.682942	9.741	1.359	325	-10000	0	4	1	A	0	18076	0	0.354299	-1	0	0	-10000	-1848,-1826,-1820,-1815,-993,-986,-95,-87,318,325,385	2601044	N\A	N\A	N\A	N\A
P	0	18	0	72.4201	-16.1832	166.399	-0.699519	0.319243	-0.756771	12.126	4.623	-75	-10000	0	4	1	A	0	18076	0	1.10468	-1	0	0	-10000	-1968,-1960,-1947,-1908,-634,-230,-75,-34	2638262	N\A	N\A	N\A	N\A
P	0	19	0	72.2377	-17.3702	166.824	-0.704815	0.275331	-0.754981	5.85	1.059	-86	-10000	0	4	1	A	0	18076	0	0.472836	-1	0	0	-10000	-1556,-1523,-1496,-1073,-1062,-1052,-1006,-972,-879,-86	2640444	N\A	N\A	N\A	N\A
P	0	20	0	97.4111	-74.6888	145.138	-1.13554	0.828314	-1.85489	3.654	1.488	-4	-10000	0	4	1	A	0	18076	0	0.463733	-1	0	0	-10000	-1926,-1911,-1459,-1454,-1449,-1438,-1432,-1422,-1392,-1382,-4,1,418,425,429,435,452,458,491,497	2647753	N\A	N\A	N\A	N\A
P	0	22	0	99.1052	-67.529	139.657	-1.28417	0.836981	-1.91682	2.475	0.303	10	-10000	0	4	1	A	0	18076	0	0.108493	-1	0	0	-10000	-1318,-1312,-1295,-1079,10,21,27,32,38,43	2654785	N\A	N\A	N\A	N\A
P	0	23	0	102.276	-73.4119	151.828	-0.83914	0.78965	-1.46211	3.498	0.918	0	-10000	0	4	1	A	0	18076	0	0.371729	-1	0	0	-10000	-1889,-1785,-1445,-1435,-1424,-1168,-901,-17,0,428	2659603	N\A	N\A	N\A	N\A
P	0	24	0	98.8525	-63.9214	165.338	-0.60976	0.542153	-1.13558	8.382	1.71	-42	-10000	0	4	1	A	0	18076	0	0.748492	-1	0	0	-10000	-1734,-1564,-1224,-1218,-1203,-668,-42,-30,412	2662767	N\A	N\A	N\A	N\A
P	0	25	0	99.3511	-66.105	166.372	-0.620957	0.513651	-1.13261	9.555	3.549	-40	-10000	0	4	1	A	0	18076	0	0.751751	-1	0	0	-10000	-1720,-1705,-1687,-1221,-1208,-1093,-1087,-697,-48,-40,-27,370	2666730	N\A	N\A	N\A	N\A
P	0	26	0	100.659	-66.0922	167.255	-0.62114	0.490609	-1.12487	10.731	5.706	384	-10000	0	4	1	A	0	18076	0	1.16157	-1	0	0	-10000	-1972,-1961,-1945,-1938,-1539,-1304,-1290,-1278,-1134,-40,-28,355,361,384,449,455	2674769	N\A	N\A	N\A	N\A
P	0	27	0	101.47	-63.0287	166.192	-0.622535	0.493951	-1.12722	8.883	1.491	-39	-10000	0	4	1	A	0	18076	0	0.841902	-1	0	0	-10000	-1851,-1839,-1456,-1450,-1427,-1362,-1356,-50,-39,-28,367,372,411,428,434,444	2676580	N\A	N\A	N\A	N\A
P	0	28	0	85.3752	-39.7478	174.972	-0.473347	0.24956	-0.796785	8.595	1.404	-76	-10000	0	4	1	A	0	18076	0	0.34938	-1	0	0	-10000	-1905,-1895,-1889,-1874,-1850,-1745,-1678,-1595,-1389,-1384,-1371,-1355,-971,-966,-952,-944,-932,-76,-67,323	2686835	N\A	N\A	N\A	N\A
P	0	29	0	87.5434	-39.3692	175.712	-0.501951	0.308609	-0.855504	9.105	1.254	-69	-10000	0	4	1	A	0	18076	0	0.433869	-1	0	0	-10000	-1922,-1100,-1095,-1089,-1078,-1062,-1000,-850,-845,-69,-50,33,38,177	2690903	N\A	N\A	N\A	N\A
P	0	30	0	87.102	-39.8829	176.007	-0.508995	0.302578	-0.857385	9.111	1.185	-69	-10000	0	4	1	A	0	18076	0	0.458414	-1	0	0	-10000	-1974,-1969,-1830,-1069,-1063,-1058,-974,-969,-802,-791,-69,-63,-58,-40,197	2692910	N\A	N\A	N\A	N\A
P	0	31	0	86.8713	-40.0901	175.029	-0.516637	0.530817	-0.966744	9.3	1.404	-68	130	0	4	1	A	0	18076	0	0.431327	-1	0	0	-10000	-1769,-1729,-1724,-1719,-1069,-1057,-1051,-1025,-752,-712,-707,-702,-123,-68,-38,244,288,294,299	2703926	N\A	N\A	N\A	N\A
P	0	32	0	86.9266	-40.3996	175.259	-0.525956	0.526631	-0.970066	9.264	1.551	-68	133.25	0	4	1	A	0	18076	0	0.474853	-1	0	0	-10000	-1761,-1717,-1711,-1706,-1134,-1071,-734,-728,-723,-68,-56,244,289,294,300,306	2705931	N\A	N\A	N\A	N\A
P	0	33	0	86.9462	-39.5135	174.721	-0.532111	0.537184	-0.985693	9.168	1.506	-68	130	0	4	1	A	0	18076	0	0.484671	-1	0	0	-10000	-1764,-1725,-1719,-1714,-1697,-1119,-1067,-1047,-674,-668,-663,-118,-68,-57,-46,332,337,343,349,354	2719944	N\A	N\A	N\A	N\A
P	0	34	0	86.9115	-40.8066	175.466	-0.538698	0.529517	-0.982897	9.171	1.596	-68	130.25	0	4	1	A	0	18076	0	0.488701	-1	0	0	-10000	-1675,-1669,-1664,-1659,-1653,-1648,-1119,-1069,-1041,-725,-719,-714,-114,-68,-47,315,320,326	2722946	N\A	N\A	N\A	N\A
P	0	35	0	79.6053	-38.9128	169.216	-0.408775	0.610723	-0.856146	7.587	1.083	370	125.5	0	4	1	A	0	18076	0	0.263049	-1	0	0	-10000	-1536,-1529,-1519,-1445,-1418,-1006,-990,-951,-66,56,357,370,384,396,413	2729421	N\A	N\A	N\A	N\A
P	0	36	0	69.2743	-37.319	162.386	-0.41225	0.738088	-0.863948	3.957	1.857	-92	131	0	4	1	A	0	18076	0	0.577541	-1	0	0	-10000	-1976,-1434,-1420,-1398,-1388,-1170,-725,-720,-397,-130,-124,-113,-107,-92,-80,-63,17,26,31	2734696	N\A	N\A	N\A	N\A
P	0	37	0	79.8281	-69.0325	154.976	-0.396085	1.04796	-1.17601	5.394	0.201	-51	122.75	0	4	1	A	0	18076	0	0.0782903	-1	0	0	-10000	-1525,-1520,-980,-51,-19	2748359	N\A	N\A	N\A	N\A
P	0	38	0	78.4129	-58.2955	166.049	-0.240066	0.764397	-0.930527	7.935	4.062	369	125	0	4	1	A	0	18076	0	0.836564	-1	0	0	-10000	-1015,-64,-45,320,369,392,410	2750356	N\A	N\A	N\A	N\A
P	0	40	0	79.0137	-54.457	167.232	-0.183835	0.73295	-0.836252	8.076	1.725	395	121.5	0	4	1	A	0	18076	0	0.335034	-1	0	0	-10000	-1891,-1876,-1853,-1467,-1451,-1444,-1428,-61,-50,346,373,395	2767612	N\A	N\A	N\A	N\A
P	0	41	0	76.6823	-64.8931	165.6	-0.111852	0.798832	-0.877688	5.712	0.594	-76	124	0	4	1	A	0	18076	0	0.190923	-1	0	0	-10000	-1377,-1372,-1345,-1340,-977,-971,-961,-950,-939,-929,-917,-910,-76,-46	2774596	N\A	N\A	N\A	N\A
P	0	42	0	77.5601	-62.8298	164.568	-0.0833633	0.80474	-0.843807	7.71	1.338	-61	120.75	0	4	1	A	0	18076	0	0.491068	-1	0	0	-10000	-1976,-1966,-1939,-1476,-1465,-1459,-1420,-61,-46,441,454,481,497	2779657	N\A	N\A	N\A	N\A
P	0	43	0	61.0409	-48.1991	111.799	2.74773	-1.09953	-0.0813625	2.148	0.375	25	121.5	0	4	1	A	0	18076	0	0.109283	-1	0	0	-10000	-1992,-1987,-1981,-992,-987,-937,19,25,42,69	3274635	N\A	N\A	N\A	N\A
P	0	44	0	57.8516	-52.671	111.407	2.64769	-0.995506	-0.0393993	1.725	0.339	16	121	0	4	1	A	0	18076	0	0.113335	-1	0	0	-10000	-1990,-1984,-1962,-1957,-1934,-995,-984,-978,-973,-957,5,10,16,38,43,66	3277638	N\A	N\A	N\A	N\A
P	0	45	0	58.9563	-49.6515	109.788	2.6565	-0.982413	-0.032028	1.968	0.336	16	120.75	0	4	1	A	0	18076	0	0.128396	-1	0	0	-10000	-1995,-1984,-1978,-1973,-1957,-995,-990,-984,-962,-957,-934,10,16,26,43	3278638	N\A	N\A	N\A	N\A
P	0	46	0	58.3885	-49.1177	108.52	2.63559	-0.888279	0.00358085	1.704	0.357	38	119.75	0	4	1	A	0	18076	0	0.128086	-1	0	0	-10000	-1995,-1990,-1984,-1962,-1957,-1934,-990,-984,-974,-957,6,10,16,21,33,38,43,83	3279638	N\A	N\A	N\A	N\A
P	0	47	0	58.554	-52.2177	109.851	2.62867	-0.884723	0.0041839	1.845	0.372	18	119.75	0	4	1	A	0	18076	0	0.106797	-1	0	0	-10000	-1997,-1993,-1987,-1982,-1970,-1965,-1960,-1920,-993,-987,-965,-960,-954,7,13,18,23,35	3281641	N\A	N\A	N\A	N\A
P	0	48	0	58.6029	-50.1732	108.789	2.6101	-0.875555	0.0339842	2.088	0.369	17	120.5	0	4	1	A	0	18076	0	0.1054	-1	0	0	-10000	-1994,-1988,-1966,-1961,-1955,-994,-988,-983,-978,-966,12,17,34,39,45	3282642	N\A	N\A	N\A	N\A
P	0	49	0	58.1544	-54.8686	111.338	2.61012	-0.883764	0.0131822	2.118	0.378	18	121	0	4	1	A	0	18076	0	0.10884	-1	0	0	-10000	-1987,-1982,-1965,-1960,-1954,-993,-987,-982,-977,-960,-921,12,18,35,39,45	3284641	N\A	N\A	N\A	N\A
P	0	50	0	63.9824	-63.5274	116.161	2.17026	-0.812704	0.38895	2.919	0.435	13	121.75	0	4	1	A	0	18076	0	0.193197	-1	0	0	-10000	-1986,-1935,-1207,-986,-980,-485,-480,-474,-297,-80,-68,-63,-2,13,65	3288644	N\A	N\A	N\A	N\A
P	0	51	0	64.6249	-59.8464	114.304	2.16139	-0.770257	0.415916	2.646	0.18	-189	120.5	0	4	1	A	0	18076	0	0.102855	-1	0	0	-10000	-1974,-1968,-1473,-1468,-1462,-1285,-1068,-1056,-1051,-990,-975,-923,-301,-279,-273,-262,-239,-235,-229,-195,-189,-173	3289632	N\A	N\A	N\A	N\A
P	0	52	0	64.0072	-61.6817	115.526	2.13624	-0.763833	0.42114	2.736	0.45	12	120.75	0	4	1	A	0	18076	0	0.201824	-1	0	0	-10000	-1010,-993,-938,-4,12,17,57	3291647	N\A	N\A	N\A	N\A
P	0	53	0	63.5026	-60.3393	115.808	2.04259	-0.656944	0.508427	2.403	0.372	-9	122	0	8	1	A	0	18076	0	0.137463	-1	0	0	-10000	-1988,-1983,-1443,-1232,-1004,-988,-983,-977,-887,-870,-865,-854,-849,-387,-382,-332,-9,1,4,41	3297648	N\A	N\A	N\A	N\A
P	0	54	0	71.6578	-68.556	121.954	1.83598	-0.59133	0.635963	1.533	0.084	44	117.25	0	4	1	A	0	18076	0	0.0539615	-1	0	0	-10000	-1978,-1934,-1518,-1345,-1339,-1334,-984,-978,-957,-934,-928,-922,16,28,44,66	3308655	N\A	N\A	N\A	N\A
P	0	55	0	69.2206	-63.1977	116.134	2.03955	-0.718231	0.475834	2.493	0.282	13	116	0	4	1	A	0	18076	0	0.146459	-1	0	0	-10000	-1975,-1959,-1942,-1470,-980,-959,-937,-431,13,63,69	3316663	N\A	N\A	N\A	N\A
P	0	56	0	69.0936	-68.0417	118.451	2.13154	-0.831173	0.366438	2.397	0.243	7	117	0	4	1	A	0	18076	0	0.155196	-1	0	0	-10000	-1988,-1938,-1932,-1410,-1004,-993,7,68	3318664	N\A	N\A	N\A	N\A
P	0	57	0	70.7197	-62.4144	115.557	2.10864	-0.888113	0.43007	2.274	0.249	7	116.25	0	4	1	A	0	18076	0	0.132552	-1	0	0	-10000	-1996,-1935,-990,-934,-518,7,66,71,77	3320667	N\A	N\A	N\A	N\A
P	0	58	0	65.8791	-60.177	114.695	2.25302	-0.958363	0.313199	2.553	0.381	10	121.75	0	4	1	A	0	18076	0	0.191257	-1	0	0	-10000	-1986,-1980,-1946,-1930,-1007,-990,-946,-936,-930,-7,10,21,54	3326673	N\A	N\A	N\A	N\A
P	0	59	0	69.6639	-57.2055	112.908	2.50821	-1.047	0.121164	1.641	0.213	17	123.5	0	4	1	A	0	18076	0	0.102822	-1	0	0	-10000	-1983,-1979,-1950,-1940,-1933,-1006,-979,-950,-939,-933,-928,17,22,61	3330677	N\A	N\A	N\A	N\A
P	0	60	0	67.1793	-52.9023	110.373	2.56443	-1.01994	0.122864	1.785	0.246	15	122.25	0	4	1	A	0	18076	0	0.11695	-1	0	0	-10000	-1985,-1980,-1941,-980,-941,-935,-1,15,21,26,55,59,65,71	3332679	N\A	N\A	N\A	N\A
P	0	61	0	64.7077	-52.3449	110.24	2.59462	-1.00695	0.0734876	1.932	0.3	14	121.75	0	4	1	A	0	18076	0	0.143585	-1	0	0	-10000	-1987,-1981,-1976,-1947,-1943,-1937,-1931,-1003,-986,-947,-942,-936,14,20,24,53,58,64,69	3334681	N\A	N\A	N\A	N\A
P	0	62	0	91.0487	-23.4517	158.074	-1.02654	0.386784	-1.03105	7.812	1.743	-113	130	0	4	1	A	0	18076	0	0.261941	-1	0	0	-10000	-1992,-1615,-676,-666,-593,-182,-176,-171,-166,-142,-113,-104,-93,-87	3358931	N\A	N\A	N\A	N\A
P	0	63	0	95.4626	-24.5335	147.648	-1.18285	0.372208	-1.0937	6.942	1.146	-64	123.5	0	4	1	A	0	18076	0	0.447298	-1	0	0	-10000	-1517,-1500,-1486,-1480,-64,-47,-31,452,458	3364332	N\A	N\A	N\A	N\A
P	0	64	0	96.0818	-23.4069	146.556	-1.20216	0.364898	-1.09325	7.332	1.377	-66	124.25	0	4	1	A	0	18076	0	0.445853	-1	0	0	-10000	-1247,-1231,-1208,-1198,-819,-66,-59,-47,-32	3368357	N\A	N\A	N\A	N\A
P	0	65	0	82.216	-17.2376	159.632	-0.931548	0.216272	-0.763441	8.121	0.888	-85	121.75	0	4	1	A	0	18076	0	0.371667	-1	0	0	-10000	-1551,-1515,-1507,-1494,-1478,-1466,-1339,-1328,-1322,-1034,-1028,-1022,-1017,-85	3378825	N\A	N\A	N\A	N\A
P	0	66	0	81.3332	-8.20171	153.177	-1.08298	0.20128	-0.651686	8.934	0.999	-82	127	0	4	1	A	0	18076	0	0.297274	-1	0	0	-10000	-1931,-1926,-1359,-1348,-1336,-1330,-82,-76	3381834	N\A	N\A	N\A	N\A
P	0	67	0	81.4098	-4.21709	152.336	-1.10757	0.187909	-0.633442	10.371	1.854	-90	134.5	0	4	1	A	0	18076	0	0.251077	-1	0	0	-10000	-1924,-1918,-911,-905,-898,-894,-888,-90,-84,-77,-61,6	3383676	N\A	N\A	N\A	N\A
P	0	68	0	62.3882	-50.8992	109.54	2.56985	-0.903359	0.105083	1.971	0.375	18	121	0	4	1	A	0	18076	0	0.129898	-1	0	0	-10000	-1993,-1982,-1971,-1926,-999,-982,-961,-938,-932,13,18,23,257,262,407,412	3398867	N\A	N\A	N\A	N\A
P	0	69	0	70.9678	-48.4926	109.128	-2.84562	-1.01878	-0.70014	2.646	0.309	32	120.75	0	4	1	A	0	18076	0	0.215803	-1	0	0	-10000	-1985,-1965,-1002,-990,-985,-979,-946,-935,-896,21,32,54,59,354,359,365	3401870	N\A	N\A	N\A	N\A
P	0	70	0	65.4412	-41.1356	99.8251	-2.87578	-0.704672	-0.595996	5.292	0.798	35	121	0	4	1	A	0	18076	0	0.348335	-1	0	0	-10000	-1992,-1987,-1981,-1948,-1937,-1898,-981,-970,-948,-943,-648,-643,-637,-143,35,202	3402872	N\A	N\A	N\A	N\A
P	0	71	0	64.9144	-45.5341	102.251	-2.81239	-0.66664	-0.681649	5.355	0.801	35	118.5	0	4	1	A	0	18076	0	0.300476	-1	0	0	-10000	-1966,-1799,-1461,-1433,-1428,-1149,-1144,-965,35	3404873	N\A	N\A	N\A	N\A
P	0	72	0	65.4533	-41.5349	100.228	-2.83683	-0.666528	-0.632891	5.055	0.831	37	120.5	0	4	1	A	0	18076	0	0.296788	-1	0	0	-10000	-1967,-967,37	3405875	N\A	N\A	N\A	N\A
P	0	73	0	65.4198	-40.4049	99.6653	-2.8474	-0.667559	-0.618104	5.277	0.81	41	120.5	0	4	1	A	0	18076	0	0.315784	-1	0	0	-10000	-1969,-965,41	3406877	N\A	N\A	N\A	N\A
P	0	74	0	99.0561	-42.6611	168.427	-0.808073	0.407679	-1.07751	10.644	1.305	-38	123.5	0	4	1	A	0	18076	0	0.515888	-1	0	0	-10000	-1648,-1638,-1633,-1598,-1027,-1015,-998,-993,-987,-964,-953,-63,-38,-27,436,447,453,464,474,480	3419377	N\A	N\A	N\A	N\A
P	0	75	0	88.7395	-22.4849	159.215	-0.881237	0.400641	-0.941548	8.733	1.92	-80	117.75	0	4	1	A	0	18076	0	0.73027	-1	0	0	-10000	-1938,-1928,-1838,-1832,-1529,-1521,-1476,-80,-70,386,392,397,420,442,459	3425159	N\A	N\A	N\A	N\A
P	0	76	0	92.2595	-26.9996	158.698	-0.863397	0.500853	-0.946439	9.471	1.536	-74	121	0	4	1	A	0	18076	0	0.621918	-1	0	0	-10000	-1922,-1913,-1902,-1451,-1432,-1413,-1408,-1058,-74,-45,22,60,447,455,482,499	3428465	N\A	N\A	N\A	N\A
P	0	77	0	60.6128	-66.7713	128.652	1.6643	0.003257	0.678101	2.31	0.135	-61	120	0	4	1	A	0	18076	0	0.0935159	-1	0	0	-10000	-1940,-1457,-1295,-940,-61,-51,-39,-7,59	3452383	N\A	N\A	N\A	N\A
P	0	78	0	51.5478	-60.6943	160.048	0.773967	0.55608	-0.0860637	6.171	0.39	-48	123.5	0	4	1	A	0	18076	0	0.19195	-1	0	0	-10000	-1987,-1970,-1964,-1953,-1943,-1931,-1920,-1910,-1476,-1471,-1464,-1454,-1444,-1437,-1416,-1409,-1397,-1387,-1365,-1360,-98,-82,-77,-71,-66,-48,-43,385,390,406,412,422,429,441,462	3459798	N\A	N\A	N\A	N\A
P	0	80	0	58.8946	-71.6154	131.609	1.58276	0.176177	0.531697	2.427	0.681	-61	121.75	0	4	1	A	0	18076	0	0.262772	-1	0	0	-10000	-1068,-1057,-1035,-1018,-68,-61,-51,-41,-12,-8,32	3478264	N\A	N\A	N\A	N\A
P	0	81	0	58.5824	-74.5875	133.212	1.57808	0.0452894	0.536588	2.469	0.642	-61	119.75	0	4	1	A	0	18076	0	0.206182	-1	0	0	-10000	-1068,-1061,-1051,-1041,-1012,-1008,-968,-69,-61,-51,-41,-8,32,242	3479264	N\A	N\A	N\A	N\A
P	0	82	0	56.2892	-65.4092	127.752	1.66436	-0.0636541	0.607775	2.355	0.237	-55	115	0	4	1	A	0	18076	0	0.086858	-1	0	0	-10000	-1970,-1760,-1337,-1071,-1061,-1054,-1041,-971,-65,-60,-55,-51,-10	3481266	N\A	N\A	N\A	N\A
P	0	83	0	51.4177	-69.6931	130.848	1.64184	-0.113283	0.509231	2.766	0.174	-58	117	0	4	1	A	0	18076	0	0.0800726	-1	0	0	-10000	-1057,-1051,-1040,-1029,-930,-58,-51,-37,-30,3	3483268	N\A	N\A	N\A	N\A
P	0	84	0	54.3794	-65.9099	128.721	1.66871	-0.115875	0.596373	2.541	0.165	-59	115.5	0	8	1	A	0	18076	0	0.10978	-1	0	0	-10000	-1931,-1059,-1052,-1038,-1031,-998,-59,-53,-42,-37,-31,97	3484269	N\A	N\A	N\A	N\A
P	0	85	0	51.9922	-65.8004	128.199	1.67395	-0.159911	0.534851	2.793	0.327	-36	117.5	0	4	1	A	0	18076	0	0.10501	-1	0	0	-10000	-1062,-1058,-1046,-1041,-1030,-63,-58,-36,-29,-25	3490277	N\A	N\A	N\A	N\A
P	0	86	0	51.695	-66.5553	128.467	1.68306	-0.192045	0.541682	3	0.3	-39	118.75	0	4	1	A	0	18076	0	0.180051	-1	0	0	-10000	-1061,-1039,-1032,-1028,-1018,-61,-56,-45,-39,-28	3494279	N\A	N\A	N\A	N\A
P	0	87	0	36.8549	-59.8923	131.461	1.65216	-0.139556	0.310604	3.654	0.246	-6	117.5	0	4	1	A	0	18076	0	0.124777	-1	0	0	-10000	-1944,-1034,-1028,-1023,-1017,-28,-23,-17,-6	3502288	N\A	N\A	N\A	N\A
P	0	88	0	19.4408	-59.1142	132.734	1.58218	-0.0557195	-0.367295	6.708	1.26	3	123.25	0	4	1	A	0	18076	0	0.493278	-1	0	0	-10000	-1996,-1064,-1013,-997,-10,3	3507289	N\A	N\A	N\A	N\A
P	0	89	0	19.6284	-58.1222	132.257	1.58412	-0.0596412	-0.369012	6.711	1.167	1	124	0	4	1	A	0	18076	0	0.456768	-1	0	0	-10000	-1998,-1011,-998,-12,1	3508290	N\A	N\A	N\A	N\A
P	0	90	0	17.9211	-60.0849	134.089	1.56517	-0.0605739	-0.417821	6.693	0.933	4	123.5	0	4	1	A	0	18076	0	0.387506	-1	0	0	-10000	-1998,-1012,-999,-12,4	3509290	N\A	N\A	N\A	N\A
P	0	91	0	17.5449	-59.4833	134.463	1.55454	-0.0456719	-0.423172	6.639	0.888	4	123.25	0	4	1	A	0	18076	0	0.406864	-1	0	0	-10000	-1999,-1012,-996,-12,4	3510290	N\A	N\A	N\A	N\A
P	0	92	0	18.8304	-57.819	132.926	1.56977	-0.051819	-0.397819	6.672	0.969	4	123.25	0	4	1	A	0	18076	0	0.436722	-1	0	0	-10000	-1995,-1011,-995,-12,4	3511289	N\A	N\A	N\A	N\A
P	0	93	0	19.033	-57.3279	132.629	1.57129	-0.0573134	-0.396396	6.669	0.972	3	123	0	4	1	A	0	18076	0	0.438766	-1	0	0	-10000	-1996,-1013,-997,-13,3	3512290	N\A	N\A	N\A	N\A
P	0	94	0	16.799	-60.0052	135.186	1.54313	-0.0557511	-0.450947	6.555	0.765	3	122.25	0	4	1	A	0	18076	0	0.356748	-1	0	0	-10000	-1997,-1013,-997,-14,3	3513290	N\A	N\A	N\A	N\A
P	0	95	0	17.5332	-58.1638	134	1.55126	-0.0452305	-0.433939	6.483	0.792	-1	121.5	0	4	1	A	0	18076	0	0.34441	-1	0	0	-10000	-1999,-1016,-999,-12,-1	3514292	N\A	N\A	N\A	N\A
P	0	96	0	36.4179	-60.4229	129.902	1.63428	-0.103092	0.201061	4.566	0.441	-2	119.5	0	4	1	A	0	18076	0	0.210044	-1	0	0	-10000	-2000,-1013,-1002,-490,-2,14	3515293	N\A	N\A	N\A	N\A
P	0	97	0	40.3416	-68.1361	133.924	1.5312	-0.072659	0.281031	4.371	0.564	8	122.75	0	4	1	A	0	18076	0	0.173603	-1	0	0	-10000	-1974,-1407,-1384,-1374,-1368,-1351,-1312,-1306,-74,-68,-62,8	3518280	N\A	N\A	N\A	N\A
P	0	98	0	40.3416	-68.1361	133.924	1.5312	-0.072659	0.281031	4.371	0.564	8	122.75	0	4	1	A	0	18076	0	0.173603	-1	0	0	-10000	-1974,-1407,-1384,-1374,-1368,-1351,-1312,-1306,-74,-68,-62,8	3518280	N\A	N\A	N\A	N\A
P	0	99	0	45.2785	-53.4057	117.714	2.04654	-0.437218	0.424633	1.362	0.198	3	119	0	4	1	A	0	18076	0	0.0866662	-1	0	0	-10000	-2000,-1984,-1018,-1008,-1002,-996,-985,-53,-19,-8,3,8,20	3533304	N\A	N\A	N\A	N\A
P	0	100	0	45.4281	-51.9607	117.298	2.04417	-0.430924	0.432274	1.635	0.255	6	120	0	4	1	A	0	18076	0	0.107179	-1	0	0	-10000	-1997,-1986,-1054,-1020,-1009,-998,-993,-981,-15,6,23	3534305	N\A	N\A	N\A	N\A
P	0	101	0	44.9004	-53.605	118.143	2.04427	-0.442784	0.416526	1.416	0.243	-6	119.75	0	4	1	A	0	18076	0	0.0731752	-1	0	0	-10000	-1999,-1994,-1982,-1016,-995,-978,-17,-6,-1,4,16,21	3535306	N\A	N\A	N\A	N\A
P	0	102	0	44.1002	-55.9417	119.23	2.04595	-0.4549	0.396889	1.719	0.261	8	119.5	0	4	1	A	0	18076	0	0.100122	-1	0	0	-10000	-1996,-1979,-1018,-1007,-1002,-997,-985,-980,-8,-3,8,14	3536307	N\A	N\A	N\A	N\A
P	0	103	0	44.9736	-52.6839	117.609	2.04649	-0.435492	0.420811	1.344	0.243	4	119	0	4	1	A	0	18076	0	0.109653	-1	0	0	-10000	-2000,-1988,-1983,-1011,-1006,-995,-989,-23,-7,4,15,21	3537310	N\A	N\A	N\A	N\A
P	0	104	0	45.2346	-51.7241	117.419	2.034	-0.444989	0.439443	1.545	0.255	5	119.75	0	4	1	A	0	18076	0	0.105393	-1	0	0	-10000	-1998,-1992,-1026,-1010,-999,-988,-982,-16,-5,5,17,23	3538313	N\A	N\A	N\A	N\A
P	0	105	0	49.9025	-51.0454	112.511	2.43526	-0.841952	0.119843	1.545	0.816	19	124.5	0	4	1	A	0	18076	0	0.206722	-1	0	0	-10000	-1029,-1024,-1018,19,27,37	3542862	N\A	N\A	N\A	N\A
P	0	107	0	93.3759	-57.6952	170.459	-0.535216	0.60349	-1.07305	8.19	0.897	-59	124.25	0	4	1	A	0	18076	0	0.347346	-1	0	0	-10000	-1986,-1275,-1264,-1241,-1221,-59,-48,484	3570851	N\A	N\A	N\A	N\A
P	0	108	0	95.0031	-62.0598	169.902	-0.551662	0.596216	-1.12912	8.214	0.519	-48	122.25	0	4	1	A	0	18076	0	0.234235	-1	0	0	-10000	-1502,-1496,-1464,-1458,-63,-48,403,497	3574838	N\A	N\A	N\A	N\A
P	0	112	0	103.406	-34.7712	135.68	-1.42435	0.360855	-1.39016	4.161	1.368	-9	121.5	0	4	1	A	0	18076	0	0.361207	-1	0	0	-10000	-1426,-1077,-1059,-526,-521,-426,-421,-409,-9,1,474	3627154	N\A	N\A	N\A	N\A
P	0	113	0	103.254	-36.277	136.295	-1.42205	0.360688	-1.38978	4.173	1.29	-8	119	0	4	1	A	0	18076	0	0.357141	-1	0	0	-10000	-1530,-1009,-1003,-8,-2	3629158	N\A	N\A	N\A	N\A
P	0	114	0	102.874	-37.938	137.154	-1.4162	0.367901	-1.38715	4.317	1.365	-9	119.75	0	4	1	A	0	18076	0	0.37821	-1	0	0	-10000	-1009,-1003,-9	3630159	N\A	N\A	N\A	N\A
P	0	115	0	103.466	-34.4455	135.192	-1.42838	0.348018	-1.38814	4.392	1.443	-9	119	0	4	1	A	0	18076	0	0.379443	-1	0	0	-10000	-1010,-9,474	3631160	N\A	N\A	N\A	N\A
P	0	116	0	95.1207	-21.9504	151.488	-1.15241	0.235852	-1.16687	9.615	1.986	-78	123	0	4	1	A	0	18076	0	0.840465	-1	0	0	-10000	-1995,-1922,-1917,-1839,-1834,-1561,-1533,-1527,-1073,-1067,-1061,-1033,-922,-78,-45,28,33,66,461,466,474,483	3636151	N\A	N\A	N\A	N\A
P	0	117	0	103.143	-26.6406	143.796	-1.15199	0.615952	-1.06907	6.678	2.562	-29	126.75	0	4	1	A	0	18076	0	0.613157	-1	0	0	-10000	-1052,-1029,-51,-29	3647174	N\A	N\A	N\A	N\A
P	0	118	0	102.722	-29.1195	145.22	-1.14632	0.611595	-1.05642	6.672	2.583	-28	127	0	4	1	A	0	18076	0	0.607624	-1	0	0	-10000	-1051,-1028,-51,-28	3649174	N\A	N\A	N\A	N\A
P	0	119	0	102.087	-26.9529	143.579	-1.20105	0.51971	-1.12395	6.543	2.598	-28	126.5	0	4	1	A	0	18076	0	0.541671	-1	0	0	-10000	-1052,-1029,-425,-51,-28,-15,65,71,315,321	3650175	N\A	N\A	N\A	N\A
P	0	120	0	96.3608	-24.1207	151.557	-1.03003	0.445878	-0.790944	7.305	3.585	-111	132.5	0	4	1	A	0	18076	0	0.570846	-1	0	0	-10000	-1885,-1862,-1849,-1769,-1763,-1519,-1513,-935,-929,-919,-892,-742,-558,-552,-111,-103,-89,259,265,270,275,281,337,342,348,478	3652009	N\A	N\A	N\A	N\A
P	0	121	0	109.649	-71.4292	152.242	-1.01709	0.589429	-1.55957	3.882	1.038	5	123.25	0	4	1	A	0	18076	0	0.354139	-1	0	0	-10000	-1968,-1962,-1956,-1950,-1940,-1907,-1902,-1496,-1490,-1486,-1469,-1440,-1396,-1391,-1224,-1219,-935,5,15,491	3660902	N\A	N\A	N\A	N\A
P	0	122	0	106.046	-53.447	164.966	-0.874684	0.342053	-1.16231	5.052	1.23	-19	118.25	0	4	1	A	0	18076	0	0.267235	-1	0	0	-10000	-1480,-1452,-1035,-1021,-1007,-913,-491,-19,-8	3663879	N\A	N\A	N\A	N\A
P	0	123	0	103.688	-36.561	161.635	-0.902152	0.26499	-1.00418	9.591	0.903	-33	122.25	0	4	1	A	0	18076	0	0.447891	-1	0	0	-10000	-1305,-1293,-1288,-1282,-1259,-1249,-60,-33,90	3677299	N\A	N\A	N\A	N\A
P	0	124	0	97.6312	-62.8709	130.898	-1.55263	0.454645	-2.06131	2.097	0.324	59	121.75	0	4	1	A	0	18076	0	0.170847	-1	0	0	-10000	-1986,-1980,-1480,-1474,-1427,-702,15,26,59	3685289	N\A	N\A	N\A	N\A
P	0	125	0	107.3	-53.5736	134.874	-1.47744	0.36513	-1.6717	3.339	0.654	8	122.75	0	4	1	A	0	18076	0	0.241055	-1	0	0	-10000	-1003,-987,8,24,52	3741864	N\A	N\A	N\A	N\A
P	0	126	0	107.918	-50.0274	132.97	-1.48677	0.357116	-1.66579	3.264	0.669	9	121.75	0	4	1	A	0	18076	0	0.234307	-1	0	0	-10000	-1996,-1980,-1952,-995,-979,9,25,65	3743868	N\A	N\A	N\A	N\A
P	0	127	0	108.598	-67.9293	142.625	-1.37081	0.287213	-1.96063	3.156	0.492	31	120	0	4	1	A	0	18076	0	0.225812	-1	0	0	-10000	-1958,-1953,-1947,-1564,-1452,-1431,-1381,-1368,13,31,148	3747857	N\A	N\A	N\A	N\A
P	0	128	0	105.683	-74.8106	146.815	-1.3488	0.307077	-2.00807	3.09	0.408	32	122	0	4	1	A	0	18076	0	0.226475	-1	0	0	-10000	-1984,-1867,-993,-968,-963,-529,10,20,32,466,499	3749872	N\A	N\A	N\A	N\A
P	0	129	0	105.801	-37.3052	157.648	-0.976093	0.305889	-1.10442	9.906	1.923	-38	122.25	0	4	1	A	0	18076	0	0.733923	-1	0	0	-10000	-1949,-1720,-1604,-1304,-1270,-38,217	3771553	N\A	N\A	N\A	N\A
P	0	130	0	102.943	-40.5844	164.909	-0.911025	0.236337	-1.08768	9.507	2.145	-86	122.25	0	4	1	A	0	18076	0	0.488064	-1	0	0	-10000	-940,-685,-135,-118,-113,-86	3772455	N\A	N\A	N\A	N\A
P	0	131	0	102.163	-32.684	161.563	-0.905739	0.234686	-1.02677	9.672	0.84	-37	122	0	4	1	A	0	18076	0	0.442076	-1	0	0	-10000	-1786,-1236,-1219,-1214,-1187,-304,-54,-37,46	3773556	N\A	N\A	N\A	N\A
P	0	132	0	100.643	-27.0977	159.543	-0.954933	0.240703	-1.01844	10.317	1.617	-53	125	0	4	1	A	0	18076	0	0.360766	-1	0	0	-10000	-1308,-1058,-1041,-958,-53,-34,30,58,75,474	3774560	N\A	N\A	N\A	N\A
P	0	133	0	108.869	-49.7759	131.746	-1.4677	0.434341	-1.65694	3.258	0.696	13	122.25	0	4	1	A	0	18076	0	0.241012	-1	0	0	-10000	-1974,-1864,-1103,-1092,-1070,-1064,13	3777564	N\A	N\A	N\A	N\A
P	0	134	0	109.16	-49.1761	131.414	-1.47667	0.401847	-1.66074	3.216	0.69	12	122	0	4	1	A	0	18076	0	0.210056	-1	0	0	-10000	-988,-300,12,22	3778565	N\A	N\A	N\A	N\A
P	0	135	0	108.139	-53.0314	133.955	-1.43647	0.4445	-1.59525	3.327	0.753	9	121.5	0	4	1	A	0	18076	0	0.240587	-1	0	0	-10000	-1988,-1300,-988,-978,9,22	3779565	N\A	N\A	N\A	N\A
P	0	136	0	107.915	-47.5415	132.583	-1.41248	0.45055	-1.48619	3.369	0.705	8	123.5	0	4	1	A	0	18076	0	0.279066	-1	0	0	-10000	-1989,-1979,-992,-979,-336,8,86,463	3780566	N\A	N\A	N\A	N\A
P	0	137	0	106.447	-39.1029	134.546	-1.38063	0.416469	-1.42143	3.255	0.738	7	123.5	0	4	1	A	0	18076	0	0.33134	-1	0	0	-10000	-1993,-1980,-1337,-993,-915,-538,7,467,473,484,489	3781567	N\A	N\A	N\A	N\A
P	0	138	0	109.219	-56.5929	134.695	-1.01637	0.834174	-1.20802	3.51	0.687	15	124.5	0	4	1	A	0	18076	0	0.27762	-1	0	0	-10000	-1988,-985,-979,4,15	3865645	N\A	N\A	N\A	N\A
P	0	139	0	109.219	-56.5929	134.695	-1.01637	0.834174	-1.20802	3.51	0.687	15	124.5	0	4	1	A	0	18076	0	0.27762	-1	0	0	-10000	-1988,-985,-979,4,15	3865645	N\A	N\A	N\A	N\A
P	0	140	0	106.803	-64.0932	131.748	-1.50535	0.436767	-1.9444	2.307	0.657	31	119.5	0	4	1	A	0	18076	0	0.142931	-1	0	0	-10000	-1991,-1979,-1976,-1969,-1952,-975,-969,-959,31,42,48	3876232	N\A	N\A	N\A	N\A
P	0	141	0	105.593	-68.8282	134.715	-1.46199	0.469295	-1.90283	2.382	0.663	31	119.75	0	4	1	A	0	18076	0	0.150218	-1	0	0	-10000	-1975,-1969,-1959,-969,-958,-952,31,42	3877232	N\A	N\A	N\A	N\A
P	0	142	0	107.01	-63.6057	131.85	-1.49759	0.445417	-1.9466	2.541	0.681	27	118.25	0	4	1	A	0	18076	0	0.212582	-1	0	0	-10000	-1973,-1962,-973,-962,27,43	3879236	N\A	N\A	N\A	N\A
P	0	143	0	106.948	-64.7468	132.63	-1.49444	0.444156	-1.95293	2.547	0.681	26	119	0	4	1	A	0	18076	0	0.193777	-1	0	0	-10000	-1975,-1964,-975,-959,26,42,498	3880238	N\A	N\A	N\A	N\A
P	0	144	0	102.192	-49.4128	131.638	-1.52722	0.185123	-1.87736	1.947	0.324	54	120	0	4	1	A	0	18076	0	0.178207	-1	0	0	-10000	-1979,-1962,-1690,-1240,-1006,-996,-990,-985,-918,-901,-895,8,15,21,27,54	3883242	N\A	N\A	N\A	N\A
P	0	145	0	93.8867	-18.1998	152.612	-1.08601	0.191219	-0.998127	8.466	1.815	-71	123	0	4	1	A	0	18076	0	0.5808	-1	0	0	-10000	-1945,-1701,-1222,-1206,-1134,-1081,-1050,-673,-668,-568,-551,-545,-539,-289,-284,-278,-71,-51,-45,22,266,272,416,422,427,439,470	3886242	N\A	N\A	N\A	N\A
P	0	146	0	91.6346	-20.3518	156.39	-1.01662	0.189006	-0.948326	7.599	0.798	-101	123.25	0	4	1	A	0	18076	0	0.251723	-1	0	0	-10000	-1981,-1975,-1908,-1664,-1658,-1514,-1508,-1503,-1491,-1460,-1430,-1291,-101,-91,-86,-81,181,186,215,220	3888172	N\A	N\A	N\A	N\A
P	0	147	0	90.7693	-16.3562	156.296	-0.988246	0.21408	-0.908557	8.763	1.137	-74	121	0	4	1	A	0	18076	0	0.39219	-1	0	0	-10000	-1890,-1885,-1856,-1851,-1195,-1189,-1184,-1077,-1051,-795,-778,-773,-768,-756,-751,-562,-556,-534,-74,-50,22,233,238,244,249,255,261,266,272,461,466	3890243	N\A	N\A	N\A	N\A
P	0	148	0	86.3322	-55.0595	118.721	2.49985	-1.34926	0.203219	1.893	0.321	59	117.75	0	4	1	A	0	18076	0	0.128081	-1	0	0	-10000	-1980,-1320,-1314,-1120,-1075,-947,-941,-936,-841,59,70	3897713	N\A	N\A	N\A	N\A
P	0	149	0	80.9885	-55.3166	122.296	1.78394	-0.889826	0.958495	1.746	0.162	68	118.75	0	4	1	A	0	18076	0	0.0734917	-1	0	0	-10000	-1949,-949,-927,-822,-777,-760,-755,-588,-527,-522,-188,18,61,68,445	3900716	N\A	N\A	N\A	N\A
P	0	150	0	89.2429	-75.6026	130.145	1.59167	-1.03226	0.946906	1.554	0.156	41	120	0	4	1	A	0	18076	0	0.0388257	-1	0	0	-10000	-1947,-1936,-1925,-1847,-975,-964,-959,20,25,37,41	3903720	N\A	N\A	N\A	N\A
P	0	151	0	91.1443	-67.6885	126.184	1.65902	-0.922343	0.934333	1.557	0.075	66	121.5	0	4	1	A	0	18076	0	0.053776	-1	0	0	-10000	-1983,-1978,-1966,-1962,-966,-961,-955,-935,34,39,51,66,473	3905723	N\A	N\A	N\A	N\A
P	0	152	0	88.2894	-72.5254	125.862	1.80046	-0.870428	0.717799	1.437	0.189	34	124	0	4	1	A	0	18076	0	0.0603593	-1	0	0	-10000	-1966,-1961,-1955,-1935,-966,-961,-949,-934,-527,23,29,34,40	3906723	N\A	N\A	N\A	N\A
P	0	153	0	90.7568	-71.7284	126.463	1.83328	-0.83982	0.67359	1.551	0.204	32	122.25	0	4	1	A	0	18076	0	0.0779112	-1	0	0	-10000	-1980,-1974,-1969,-1963,-1135,-1097,20,26,32,37,64	3908726	N\A	N\A	N\A	N\A
P	0	154	0	89.7363	-71.844	126.674	1.85246	-0.792672	0.609986	1.554	0.363	31	121.5	0	4	1	A	0	18076	0	0.0945621	-1	0	0	-10000	-981,-975,-969,-964,-937,14,19,25,31	3909727	N\A	N\A	N\A	N\A
P	0	155	0	89.0418	-74.8635	128.399	1.84265	-0.791476	0.604966	1.521	0.363	31	120	0	4	1	A	0	18076	0	0.0923969	-1	0	0	-10000	-1986,-1981,-1975,-1969,-986,-981,-969,14,25,31,41	3911727	N\A	N\A	N\A	N\A
P	0	156	0	89.5702	-72.2296	126.849	1.84384	-0.762562	0.608572	1.407	0.357	34	120.75	0	4	1	A	0	18076	0	0.0944314	-1	0	0	-10000	-1987,-1982,-1970,-987,-976,-970,-960,13,17,23,29,34,40	3912728	N\A	N\A	N\A	N\A
P	0	157	0	89.5127	-76.0273	129.191	1.77559	-0.891666	0.715384	1.476	0.207	37	120.75	0	4	1	A	0	18076	0	0.0727586	-1	0	0	-10000	-1989,-1985,-1979,-1973,-1968,-1962,-985,-979,-973,-968,-963,21,31,37,65	3914730	N\A	N\A	N\A	N\A
P	0	158	0	92.211	-59.7115	117.476	-2.93998	-1.32369	-0.667955	2.22	0.468	59	123	0	4	1	A	0	18076	0	0.207357	-1	0	0	-10000	-1974,-1968,-1963,-1951,-1945,-974,-941,-936,15,59,64	3924739	N\A	N\A	N\A	N\A
P	0	159	0	94.9695	-65.7089	121.09	-2.23731	-1.29028	-1.35562	2.73	0.756	58	122.25	0	4	1	A	0	18076	0	0.376062	-1	0	0	-10000	-1975,-1942,-1937,-986,-942,-937,15,31,58	3925740	N\A	N\A	N\A	N\A
P	0	160	0	95.5406	-63.9978	120.288	-1.96126	-1.16047	-1.63957	2.961	0.906	58	123.5	0	4	1	A	0	18076	0	0.40042	-1	0	0	-10000	-1986,-1942,-1937,-985,-969,-942,15,58	3926740	N\A	N\A	N\A	N\A
P	0	161	0	95.3592	-65.7457	121.476	-1.81506	-0.91018	-1.8073	2.784	0.915	56	123.25	0	4	1	A	0	18076	0	0.376616	-1	0	0	-10000	-1989,-1985,-1945,-985,-972,-944,16,22,28,56	3929744	N\A	N\A	N\A	N\A
P	0	162	0	95.867	-61.8909	119.241	-1.81681	-0.873148	-1.80909	2.799	0.924	57	123.25	0	4	1	A	0	18076	0	0.345957	-1	0	0	-10000	-1987,-1974,-1946,-986,-980,-974,-946,15,57	3930746	N\A	N\A	N\A	N\A
P	0	163	0	96.0601	-60.0958	118.379	-1.80251	-0.818775	-1.83186	2.736	0.873	57	122.25	0	4	1	A	0	18076	0	0.329752	-1	0	0	-10000	-1987,-1981,-1975,-1947,-986,-944,14,57	3931747	N\A	N\A	N\A	N\A
P	0	164	0	86.339	-61.732	117.257	2.18429	-1.08176	0.448609	2.034	0.324	66	116.25	0	4	1	A	0	18076	0	0.133624	-1	0	0	-10000	-1984,-1940,-1918,-1818,-1628,-1478,-1473,-940,-923,-867,-840,66,77	3938753	N\A	N\A	N\A	N\A
P	0	165	0	75.4521	-65.6449	117.667	2.25479	-0.87499	0.251992	1.545	0.117	17	116.5	0	4	1	A	0	18076	0	0.0613947	-1	0	0	-10000	-1934,-1923,-933,-923,-289,17,40,61	3940753	N\A	N\A	N\A	N\A
P	0	166	0	74.4896	-64.0136	116.722	2.2693	-0.835012	0.223839	1.779	0.138	60	117	0	4	1	A	0	18076	0	0.0571215	-1	0	0	-10000	-1934,-1924,-1290,-984,-961,-940,16,22,39,60	3941754	N\A	N\A	N\A	N\A
P	0	167	0	74.4687	-60.7064	114.883	2.27589	-0.813006	0.237939	1.857	0.144	59	117	0	4	1	A	0	18076	0	0.0621477	-1	0	0	-10000	-1985,-1962,-1941,-985,-979,-962,-941,38,59,71	3942755	N\A	N\A	N\A	N\A
P	0	168	0	74.3386	-60.0596	114.373	2.28804	-0.806834	0.234721	1.884	0.177	13	117.75	0	4	1	A	0	18076	0	0.097928	-1	0	0	-10000	-1987,-1981,-1964,-1943,-964,-943,-931,13,30,69	3943757	N\A	N\A	N\A	N\A
P	0	169	0	73.5059	-65.3185	117.063	2.31156	-0.83597	0.188233	1.863	0.159	70	117.5	0	4	1	A	0	18076	0	0.0414811	-1	0	0	-10000	-1963,-1942,-1930,-986,-969,-930,70	3944756	N\A	N\A	N\A	N\A
P	0	170	0	75.6896	-61.6814	115.557	2.25688	-0.953229	0.293186	1.476	0.123	68	117.5	0	4	1	A	0	18076	0	0.0529614	-1	0	0	-10000	-1988,-1971,-1932,-932,17,68	3945758	N\A	N\A	N\A	N\A
P	0	171	0	82.316	-66.1192	118.96	2.5175	-1.06648	0.0565376	1.887	0.273	60	115.5	0	4	1	A	0	18076	0	0.14798	-1	0	0	-10000	-1940,-1935,-1634,-1046,-940,-930,-563,-530,60,70	3948760	N\A	N\A	N\A	N\A
P	0	172	0	83.7187	-62.2016	116.965	2.50996	-1.02291	0.0815547	1.971	0.285	64	114	0	4	1	A	0	18076	0	0.117739	-1	0	0	-10000	-1942,-1932,-1565,-1532,-942,-932,64,68,74,218	3949762	N\A	N\A	N\A	N\A
P	0	173	0	83.1452	-65.2802	118.683	2.30389	-0.952799	0.25916	1.857	0.204	58	115.5	0	4	1	A	0	18076	0	0.125679	-1	0	0	-10000	-1936,-1932,-1926,-1782,-942,-932,-926,-670,-559,-553,25,58,69,75	3951762	N\A	N\A	N\A	N\A
P	0	174	0	82.5848	-67.0739	119.867	2.24968	-0.929253	0.291427	1.812	0.189	59	116.25	0	4	1	A	0	18076	0	0.129422	-1	0	0	-10000	-1941,-1931,-1925,-1669,-1558,-1552,-974,-941,-930,-924,26,59,70	3952761	N\A	N\A	N\A	N\A
P	0	175	0	83.9499	-63.0882	117.695	2.24239	-0.907652	0.314161	1.791	0.189	63	115.25	0	4	1	A	0	18076	0	0.108507	-1	0	0	-10000	-1977,-1944,-1933,-977,-943,-933,24,63,68,74	3954764	N\A	N\A	N\A	N\A
P	0	176	0	88.1646	-54.4584	111.632	-2.78423	-1.02974	-0.739442	2.64	0.828	53	121.5	0	4	1	A	0	18076	0	0.255795	-1	0	0	-10000	-1948,-1937,-1542,-1537,-948,-936,53,69	3960771	N\A	N\A	N\A	N\A
P	0	177	0	88.1836	-52.3189	110.486	-2.7901	-1.03065	-0.731546	2.553	0.801	53	121	0	4	1	A	0	18076	0	0.241407	-1	0	0	-10000	-1948,-1936,-947,-931,53,69	3961771	N\A	N\A	N\A	N\A
P	0	178	0	88.2813	-53.6857	111.202	-2.75895	-1.03012	-0.767678	2.604	0.786	51	120	0	4	1	A	0	18076	0	0.214477	-1	0	0	-10000	-1949,-1933,-949,-933,51,67,284	3962773	N\A	N\A	N\A	N\A
P	0	179	0	87.2789	-57.6011	113.12	-2.69582	-1.01353	-0.837297	2.646	0.822	53	121.5	0	4	1	A	0	18076	0	0.248267	-1	0	0	-10000	-1947,-1931,-947,-931,-714,53,69	3963771	N\A	N\A	N\A	N\A
P	0	180	0	87.7937	-52.0456	110.174	-2.75245	-1.02274	-0.774445	2.541	0.759	51	120.5	0	4	1	A	0	18076	0	0.18613	-1	0	0	-10000	-1949,-1933,-949,-933,-716,51,67	3965773	N\A	N\A	N\A	N\A
P	0	181	0	87.6511	-54.9704	111.742	-2.70107	-1.01831	-0.832059	2.523	0.774	52	122.25	0	4	1	A	0	18076	0	0.17471	-1	0	0	-10000	-1948,-1932,-1715,-948,-932,52,68,424	3966772	N\A	N\A	N\A	N\A
P	0	182	0	85.5162	-38.1302	108.1	-2.19235	-0.663244	-1.13783	6.09	1.503	30	122	0	4	1	A	0	18076	0	0.414854	-1	0	0	-10000	-1970,-1903,-1898,-1887,-1876,-1870,-970,-887,-871,30,100,151,156,162	3985793	N\A	N\A	N\A	N\A
P	0	183	0	85.7029	-36.4563	107.051	-2.20855	-0.673928	-1.11538	6.219	1.518	31	122.25	0	4	1	A	0	18076	0	0.437699	-1	0	0	-10000	-1972,-1889,-1873,-972,-902,-851,-846,-840,31,98,131,137,143	3986795	N\A	N\A	N\A	N\A
P	0	184	0	85.7269	-33.7671	105.947	-2.22808	-0.690616	-1.08977	6.018	1.467	29	120	0	4	1	A	0	18076	0	0.406569	-1	0	0	-10000	-1974,-1904,-1853,-1848,-1842,-971,-904,-871,-865,-859,29,101,107,112	3987797	N\A	N\A	N\A	N\A
P	0	185	0	85.5503	-35.1342	106.501	-2.22128	-0.680022	-1.10149	6.12	1.476	31	120.75	0	26	1	A	0	18076	0	0.470522	-1	0	0	-10000	-1969,-1912,-1907,-969,-902,-858,-852,31,114,120	3990799	N\A	N\A	N\A	N\A
P	0	186	0	76.7587	-41.2842	103.981	-2.71669	-0.885956	-0.740841	4.242	0.507	52	119	0	4	1	A	0	18076	0	0.15791	-1	0	0	-10000	-1967,-1949,-966,-949,31,47,52	3998806	N\A	N\A	N\A	N\A
P	0	187	0	76.142	-40.7762	104.027	-2.74492	-0.8815	-0.712887	4.08	0.423	38	117.75	0	4	1	A	0	18076	0	0.158076	-1	0	0	-10000	-1969,-1952,-972,-956,-951,-56,38,41,54,71	3999809	N\A	N\A	N\A	N\A
P	0	188	0	74.8746	-44.4014	104.937	-2.84748	-0.850114	-0.625305	4.026	0.441	34	117.75	0	4	1	A	0	18076	0	0.291884	-1	0	0	-10000	-1961,-1958,-1945,-1928,-967,-944,-927,34,56,73	4001808	N\A	N\A	N\A	N\A
P	0	189	0	74.9044	-42.257	104.333	-2.89529	-0.86341	-0.572603	3.75	0.474	32	117.25	0	4	1	A	0	18076	0	0.268569	-1	0	0	-10000	-1969,-1946,-1929,-968,-946,-929,32,42,54,77	4002810	N\A	N\A	N\A	N\A
P	0	190	0	74.7283	-42.5645	104.375	-2.91227	-0.870343	-0.559885	3.501	0.477	32	117.5	0	4	1	A	0	18076	0	0.24211	-1	0	0	-10000	-1969,-1947,-1930,-969,-959,-947,-924,32,42,54,76	4003811	N\A	N\A	N\A	N\A
P	0	191	0	74.6426	-43.8566	104.772	-2.91388	-0.861205	-0.559236	3.645	0.477	32	117	0	4	1	A	0	18076	0	0.240292	-1	0	0	-10000	-1969,-1959,-1947,-1925,-968,-959,-947,-925,32,41,53,76	4005812	N\A	N\A	N\A	N\A
P	0	192	0	94.022	-26.5734	124.515	-2.71759	-1.40282	-0.277866	4.53	1.515	-4	121.75	0	4	1	A	0	18076	0	0.428697	-1	0	0	-10000	-1414,-1003,-4	4016818	N\A	N\A	N\A	N\A
P	0	193	0	94.1502	-24.4115	123.618	2.96355	-1.39135	0.330438	4.383	1.437	-6	119.5	0	4	1	A	0	18076	0	0.367095	-1	0	0	-10000	-1006,-6,449	4017820	N\A	N\A	N\A	N\A
P	0	194	0	94.0336	-29.4514	125.837	2.72036	-1.3704	0.570019	4.548	1.506	-3	121.5	0	4	1	A	0	18076	0	0.434124	-1	0	0	-10000	-1553,-1004,-3,147	4019822	N\A	N\A	N\A	N\A
P	0	195	0	94.2018	-25.738	124.157	2.40323	-1.3217	0.891953	4.581	1.452	-5	119.75	0	4	1	A	0	18076	0	0.377957	-1	0	0	-10000	-1005,-855,-5,383,483	4020824	N\A	N\A	N\A	N\A
P	0	196	0	73.2323	-54.8585	112.143	2.36614	-0.86514	0.263647	1.32	0.162	14	121	0	4	1	A	0	18076	0	0.0754256	-1	0	0	-10000	-1941,-1936,-1853,-1703,-1374,-980,-975,-941,-936,-930,14,20,31,42,64	4025826	N\A	N\A	N\A	N\A
P	0	197	0	71.5178	-56.8767	112.9	2.41571	-0.879962	0.209654	1.488	0.204	13	121.5	0	4	1	A	0	18076	0	0.101808	-1	0	0	-10000	-1981,-1976,-1942,-1937,-1931,-987,-981,-970,-959,-937,-258,-254,-3,13,30,58,63	4026827	N\A	N\A	N\A	N\A
P	0	198	0	71.0264	-57.888	113.501	2.39048	-0.87198	0.224217	1.494	0.204	17	120.75	0	4	1	A	0	18076	0	0.108092	-1	0	0	-10000	-1989,-1983,-1972,-1961,-1939,-1260,-1256,-1005,-989,-972,-944,-939,-5,11,17,29,57,61,67	4027829	N\A	N\A	N\A	N\A
P	0	199	0	68.0035	-56.3266	111.909	2.3769	-0.791774	0.172968	2.694	0.507	5	120.75	0	4	1	A	0	18076	0	0.225868	-1	0	0	-10000	-1991,-1974,-1946,-1941,-1007,-991,-985,-973,-945,-941,-935,5,15,49,60,66,310	4028831	N\A	N\A	N\A	N\A
P	0	200	0	75.4055	-52.7467	114.251	3.08591	-1.22618	-0.377778	1.587	0.123	54	117.5	0	4	1	A	0	18076	0	0.082927	-1	0	0	-10000	-1996,-1986,-1952,-1941,-1935,-1691,-1452,-1352,-1263,-1246,-1235,-1224,-995,-985,-952,-941,-935,-546,16,26,54,59,82,88	4030832	N\A	N\A	N\A	N\A
P	0	201	0	82.9182	-55.6116	112.019	-2.98118	-1.20858	-0.609049	1.899	0.714	66	120.75	0	4	1	A	0	18076	0	0.232203	-1	0	0	-10000	-1995,-1985,-1952,-1941,-1935,-1546,-984,-974,-946,-941,-918,-912,59,66	4031832	N\A	N\A	N\A	N\A
P	0	202	0	85.5563	-52.3786	110.059	-2.958	-1.12829	-0.584275	2.319	0.771	64	120.75	0	4	1	A	0	18076	0	0.211799	-1	0	0	-10000	-1986,-1976,-1948,-1943,-1920,-1914,-943,-936,58,64	4032834	N\A	N\A	N\A	N\A
P	0	203	0	88.0408	-53.6673	111.302	-2.922	-1.11933	-0.605374	2.55	0.768	52	119.5	0	4	1	A	0	18076	0	0.186314	-1	0	0	-10000	-1944,-1937,-943,-937,52,67	4033835	N\A	N\A	N\A	N\A
P	0	204	0	88.2446	-58.5465	113.814	-2.70814	-1.02417	-0.777817	2.706	0.894	52	119.5	0	4	1	A	0	18076	0	0.242693	-1	0	0	-10000	-1943,-1937,-948,-933,52	4034835	N\A	N\A	N\A	N\A
P	0	205	0	86.5493	-54.1155	110.866	-2.91979	-1.08889	-0.609465	2.325	0.711	54	118.25	0	4	1	A	0	18076	0	0.155008	-1	0	0	-10000	-1951,-1936,-951,54,66,365,437	4035838	N\A	N\A	N\A	N\A
P	0	206	0	86.9343	-49.1398	112.102	-2.25531	-1.08529	-1.27752	2.103	0.687	65	119	0	4	1	A	0	18076	0	0.185118	-1	0	0	-10000	-1951,-946,-934,-635,-563,-2,20,59,65,120,465	4036838	N\A	N\A	N\A	N\A
P	0	207	0	89.0971	-54.8222	112.209	-2.21363	-0.995956	-1.3429	2.571	0.9	53	121.5	0	4	1	A	0	18076	0	0.212514	-1	0	0	-10000	-1946,-1934,-1635,-1563,-1002,-980,-941,-935,-880,-535,-225,53,69,75	4037838	N\A	N\A	N\A	N\A
P	0	208	0	89.5683	-34.1005	113.534	-1.91507	-0.529803	-1.37002	3.471	0.795	27	119.75	0	4	1	A	0	18076	0	0.277348	-1	0	0	-10000	-1947,-1931,-1925,-942,-936,-932,27,113	4039838	N\A	N\A	N\A	N\A
P	0	209	0	88.7207	-53.8301	113.823	-2.89218	-1.18143	-0.642629	1.545	0.261	52	120.75	0	4	1	A	0	18076	0	0.102781	-1	0	0	-10000	-1936,-1896,-1663,-1259,-942,-614,52,57,68,73,129,135	4043845	N\A	N\A	N\A	N\A
P	0	210	0	90.6557	-35.8977	118.14	-1.77811	0.681305	-1.8536	5.67	0.483	-100	123	0	4	1	A	0	18076	0	0.17664	-1	0	0	-10000	-1788,-1776,-1605,-1538,-893,-783,-777,-244,-199,-139,-116,-111,-100,73,78,100,128,378	4047688	N\A	N\A	N\A	N\A
P	0	211	0	87.846	-56.6271	112.755	-2.64247	-1.07426	-0.896671	2.631	0.891	53	121.75	0	4	1	A	0	18076	0	0.245157	-1	0	0	-10000	-1942,-1938,-1926,-1842,-948,-931,53,63,69	4057853	N\A	N\A	N\A	N\A
P	0	212	0	88.334	-53.1932	111.099	-2.7016	-1.08462	-0.830948	2.631	0.846	52	121	0	4	1	A	0	18076	0	0.228163	-1	0	0	-10000	-1949,-1932,-948,-938,-932,52,68	4058854	N\A	N\A	N\A	N\A
P	0	213	0	87.7061	-56.1578	112.555	2.78289	-1.11142	-0.0116857	2.709	0.855	57	118.5	0	4	1	A	0	18076	0	0.1945	-1	0	0	-10000	-1948,-1932,-1232,-948,-932,-905,-826,57,68,262	4061855	N\A	N\A	N\A	N\A
P	0	214	0	87.0778	-54.1803	111.494	2.41156	-0.990071	0.376206	2.625	0.741	55	117.5	0	4	1	A	0	18076	0	0.166946	-1	0	0	-10000	-1951,-1935,-1908,-1829,-946,-935,-741,-474,55,66	4062858	N\A	N\A	N\A	N\A
P	0	215	0	86.9398	-54.6075	112.434	2.48152	-1.05695	0.283413	2.286	0.54	59	118.25	0	4	1	A	0	18076	0	0.154577	-1	0	0	-10000	-1947,-1936,-1742,-1475,-946,-935,-246,-241,-2,54,59,65	4063859	N\A	N\A	N\A	N\A
P	0	216	0	72.8281	-9.73447	160.294	-0.88054	0.229966	-0.665889	7.662	1.908	-86	126.25	0	4	1	A	0	18076	0	0.550317	-1	0	0	-10000	-1878,-1858,-1753,-1698,-1448,-1369,-1354,-1325,-1159,-1142,-1136,-1131,-881,-873,-726,-120,-109,-86,30,35,41	4083214	N\A	N\A	N\A	N\A
P	0	217	0	71.3421	-6.67318	157.72	-0.86576	0.225114	-0.621893	7.719	0.921	-86	122.25	0	4	1	A	0	18076	0	0.440171	-1	0	0	-10000	-1474,-1463,-1440,-1324,-1319,-1313,-86,-80,309	4084568	N\A	N\A	N\A	N\A
P	0	218	0	71.3421	-6.67318	157.72	-0.86576	0.225114	-0.621893	7.719	0.921	-86	122.25	0	4	1	A	0	18076	0	0.440171	-1	0	0	-10000	-1474,-1463,-1440,-1324,-1319,-1313,-86,-80,309	4084568	N\A	N\A	N\A	N\A
P	0	219	0	90.167	-15.6487	129.333	-1.50871	0.205801	-1.19912	5.475	1.422	-17	115.5	0	4	1	A	0	18076	0	0.341459	-1	0	0	-10000	-1999,-1611,-1066,-1032,-1022,-545,-539,-29,-17	4104673	N\A	N\A	N\A	N\A
P	0	220	0	90.6341	-19.7939	131.291	-1.4968	0.234078	-1.201	5.382	1.425	-19	115.5	0	4	1	A	0	18076	0	0.346511	-1	0	0	-10000	-1547,-1541,-1031,-1019,-19	4105675	N\A	N\A	N\A	N\A
P	0	221	0	91.4748	-18.2801	130.849	-1.48127	0.28183	-1.15078	6.225	1.893	-19	116.25	0	4	1	A	0	18076	0	0.465395	-1	0	0	-10000	-1019,-35,-19	4106675	N\A	N\A	N\A	N\A
P	0	222	0	92.7237	-14.7465	129.867	-1.45961	0.327136	-1.10001	6.795	2.091	-17	117.75	0	4	1	A	0	18076	0	0.532288	-1	0	0	-10000	-1020,-32,-17	4108677	N\A	N\A	N\A	N\A
P	0	223	0	92.7068	-19.7636	132.23	-1.44165	0.349202	-1.09382	7.125	2.13	-16	118.75	0	4	1	A	0	18076	0	0.578883	-1	0	0	-10000	-1031,-1016,-31,-16	4109676	N\A	N\A	N\A	N\A
P	0	224	0	92.942	-16.7793	130.981	-1.44069	0.351204	-1.07725	7.338	2.166	-17	118.75	0	4	1	A	0	18076	0	0.625822	-1	0	0	-10000	-1033,-1018,-31,-17	4110678	N\A	N\A	N\A	N\A
P	0	225	0	95.4994	-48.121	116.191	-2.08512	-0.962001	-1.33577	2.835	0.681	44	117.5	0	4	1	A	0	18076	0	0.197913	-1	0	0	-10000	-1995,-1985,-1967,-1006,-996,-968,-884,-879,16,34,44	4123693	N\A	N\A	N\A	N\A
P	0	226	0	95.8894	-53.6269	119.221	-2.23486	-1.11016	-1.16892	3.093	0.672	45	117.5	0	4	1	A	0	18076	0	0.197108	-1	0	0	-10000	-1996,-1968,-1884,-1879,-984,-966,-956,11,17,34,45	4124693	N\A	N\A	N\A	N\A
P	0	227	0	96.9989	-50.7203	117.782	-2.34213	-1.17168	-1.04965	3.45	0.681	48	118.75	0	4	1	A	0	18076	0	0.205703	-1	0	0	-10000	-1986,-1968,-1958,-991,-985,-968,-957,16,48	4125695	N\A	N\A	N\A	N\A
P	0	228	0	97.5283	-48.6586	116.836	-2.44582	-1.20564	-0.943165	3.357	0.663	47	117	0	4	1	A	0	18076	0	0.22068	-1	0	0	-10000	-1993,-1987,-1970,-1959,-986,-954,14,19,47	4126697	N\A	N\A	N\A	N\A
P	0	229	0	97.8275	-49.3137	117.335	-2.48204	-1.22516	-0.90672	3.318	0.69	46	118.5	0	4	1	A	0	18076	0	0.224041	-1	0	0	-10000	-1988,-1956,-988,-983,-955,13,17,46	4127699	N\A	N\A	N\A	N\A
P	0	230	0	90.0581	-61.2041	119.49	-1.98191	-1.14075	-1.65173	2.151	0.366	60	120.75	0	4	1	A	0	18076	0	0.127486	-1	0	0	-10000	-1980,-1941,-1908,-1903,-940,-591,-469,60,75	4136705	N\A	N\A	N\A	N\A
P	0	231	0	95.4027	-41.4692	111.568	-2.08666	-0.682151	-1.22171	4.224	1.539	33	123.5	0	4	1	A	0	18076	0	0.555521	-1	0	0	-10000	-1942,-1927,-1116,-1105,-993,-967,-955,-693,33	4138707	N\A	N\A	N\A	N\A
P	0	232	0	96.9873	-47.9792	116.23	-1.98646	-0.629927	-1.32098	3.873	1.206	35	121.75	0	4	1	A	0	18076	0	0.468754	-1	0	0	-10000	-1991,-1965,-1953,-1691,-965,8,35	4139705	N\A	N\A	N\A	N\A
P	0	233	0	96.9636	-25.4289	133.359	-1.41919	0.322658	-1.3144	4.683	0.498	-19	122.25	0	4	1	A	0	18076	0	0.18084	-1	0	0	-10000	-1068,-1057,-1029,-1023,-63,-57,-52,-40,-19,87	4178742	N\A	N\A	N\A	N\A
P	0	234	0	97.8748	-29.8933	132.105	-1.45257	0.346213	-1.36077	3.663	0.846	-11	118.25	0	4	1	A	0	18076	0	0.235137	-1	0	0	-10000	-1062,-1055,-1051,-1028,-1022,-39,-11	4181746	N\A	N\A	N\A	N\A
P	0	235	0	98.0621	-26.6577	130.893	-1.45945	0.328702	-1.35215	3.606	0.837	-6	119.5	0	4	1	A	0	18076	0	0.228065	-1	0	0	-10000	-1039,-1011,-39,-6	4182746	N\A	N\A	N\A	N\A
P	0	236	0	85.799	-36.8983	105.179	-1.95452	0.267682	-1.75027	5.751	1.158	40	123.25	0	4	1	A	0	18076	0	0.361162	-1	0	0	-10000	-1947,-1937,-1431,-970,-920,-914,-909,-904,-898,-415,-70,40	4190753	N\A	N\A	N\A	N\A
P	0	237	0	86.3315	-41.9504	107.643	-2.10587	0.922194	-2.12502	5.952	1.407	39	122.75	0	4	1	A	0	18076	0	0.422936	-1	0	0	-10000	-1960,-960,-943,24,39	4192753	N\A	N\A	N\A	N\A
P	0	238	0	68.7845	-42.3744	107.916	-2.65051	-0.953414	-0.87129	4.107	0.948	33	116.5	0	4	1	A	0	18076	0	0.316847	-1	0	0	-10000	-1984,-1978,-1973,-1934,-1923,-1411,-1145,-501,-484,-462,33	4241794	N\A	N\A	N\A	N\A
P	0	239	0	61.1856	-38.884	98.8563	3.07502	-0.673968	-0.227895	5.13	0.918	41	117.75	0	4	1	A	0	18076	0	0.342832	-1	0	0	-10000	-1968,-962,41,153	4246799	N\A	N\A	N\A	N\A
P	0	240	0	59.2491	-38.5201	97.7974	3.12019	-0.551417	-0.242775	4.431	0.531	42	118.5	0	4	1	A	0	18076	0	0.317722	-1	0	0	-10000	-1962,-959,-847,42	4247799	N\A	N\A	N\A	N\A
P	0	241	0	58.6103	-42.5501	98.8086	-3.13389	-0.506475	-0.302155	4.539	0.534	41	117.75	0	4	1	A	0	18076	0	0.308631	-1	0	0	-10000	-1959,-1847,-958,41	4248799	N\A	N\A	N\A	N\A
P	0	242	0	58.8145	-38.1722	96.9326	3.13456	-0.483931	-0.254571	4.467	0.501	42	118.75	0	4	1	A	0	18076	0	0.279292	-1	0	0	-10000	-1961,-962,42	4249802	N\A	N\A	N\A	N\A
P	0	243	0	70.1005	-46.0274	107.222	2.95899	-0.962705	-0.214987	1.842	0.246	18	118.5	0	4	1	A	0	18076	0	0.156024	-1	0	0	-10000	-1470,-1459,-1454,-1437,-1237,-1220,-1209,-1204,-343,-338,18	4254801	N\A	N\A	N\A	N\A
P	0	244	0	50.304	-64.3924	127.355	1.7184	-0.324877	0.451686	3.036	0.414	-36	117.5	0	4	1	A	0	18076	0	0.160564	-1	0	0	-10000	-1913,-1901,-1768,-1763,-1690,-1684,-1679,-1640,-1057,-1051,-1036,-1029,-924,-913,-518,-57,-52,-41,-36,-24,-19	4263222	N\A	N\A	N\A	N\A
P	0	245	0	50.2105	-63.0819	126.942	1.72007	-0.345995	0.458076	3.057	0.399	-36	117.5	0	4	1	A	0	18076	0	0.162172	-1	0	0	-10000	-1925,-1914,-1519,-1058,-1053,-1042,-1037,-1025,-1020,-59,-53,-42,-36,-26,-20	4264223	N\A	N\A	N\A	N\A
P	0	246	0	55.3452	-53.9699	119.466	1.9065	-0.485044	0.580089	2.091	0.204	-5	116.5	0	4	1	A	0	18076	0	0.0776552	-1	0	0	-10000	-1055,-1038,-1028,-1022,-767,-22,-17,-12,-5,16	4266225	N\A	N\A	N\A	N\A
P	0	247	0	53.8447	-58.7263	121.379	1.93078	-0.512568	0.513873	2.193	0.378	-2	116.5	0	4	1	A	0	18076	0	0.0831249	-1	0	0	-10000	-1768,-1023,-1018,-1013,-1006,-985,-13,-7,-2,15,37,43,60,71,76,93	4267226	N\A	N\A	N\A	N\A
P	0	248	0	53.7333	-56.2295	121.066	1.90827	-0.48155	0.52376	2.301	0.384	13	115.5	0	4	1	A	0	18076	0	0.0922804	-1	0	0	-10000	-1986,-1014,-1008,-1003,-986,-964,-958,-941,-930,-925,-908,-14,13,25,36,42,53,58,63,80,442,452	4268227	N\A	N\A	N\A	N\A
P	0	249	0	53.8153	-54.2046	120.5	1.89991	-0.466333	0.534974	2.208	0.288	-17	115.5	0	4	1	A	0	18076	0	0.0761169	-1	0	0	-10000	-1989,-1967,-1961,-1944,-1933,-1928,-1911,-1017,-990,-978,-967,-961,-950,-945,-940,-923,-561,-551,-17,16,55,66,77,83	4269230	N\A	N\A	N\A	N\A
P	0	250	0	47.8135	-63.2344	128.087	1.73162	-0.400803	0.413403	2.97	0.249	-35	114.5	0	4	1	A	0	18076	0	0.12828	-1	0	0	-10000	-1984,-1945,-1934,-1923,-1917,-1045,-1034,-1018,-1006,-51,-45,-35,-18	4271230	N\A	N\A	N\A	N\A
P	0	251	0	48.0755	-58.3925	126.27	1.7216	-0.339441	0.45573	2.952	0.105	-37	115.5	0	4	1	A	0	18076	0	0.111267	-1	0	0	-10000	-1053,-1047,-1037,-1020,-43,-37,-31,-20,-8,202	4272232	N\A	N\A	N\A	N\A
P	0	252	0	32.6747	-59.4437	127.585	1.74528	-0.227826	0.0165233	5.334	0.849	-1	119.5	0	4	1	A	0	18076	0	0.322494	-1	0	0	-10000	-1801,-1484,-1196,-1146,-1134,-1056,-1051,-1046,-1	4274235	N\A	N\A	N\A	N\A
P	0	253	0	29.6752	-60.9658	128.911	1.72903	-0.218127	-0.0662925	5.586	1.077	-1	117.5	0	4	1	A	0	18076	0	0.398399	-1	0	0	-10000	-1001,-1	4275235	N\A	N\A	N\A	N\A
P	0	254	0	31.168	-56.281	127.21	1.72976	-0.19794	-0.025401	5.346	0.909	-2	116.5	0	4	1	A	0	18076	0	0.345639	-1	0	0	-10000	-1002,-2	4277236	N\A	N\A	N\A	N\A
P	0	255	0	38.1395	-52.8522	116.263	2.10667	-0.332185	0.19359	1.53	0.267	14	114.5	0	4	1	A	0	18076	0	0.147854	-1	0	0	-10000	-1997,-1991,-1980,-1968,-1964,-1958,-1953,-1918,-1914,-1903,-1397,-1391,-1375,-1369,-1352,-1335,-1330,-1320,-1308,-1302,-1069,-847,-841,-836,-15,14,18,25,30	4281902	N\A	N\A	N\A	N\A
P	0	256	0	37.9062	-52.8909	116.141	2.11844	-0.32234	0.170598	1.932	0.306	16	114.5	0	4	1	A	0	18076	0	0.127955	-1	0	0	-10000	-1915,-1909,-1904,-1083,-1054,-1050,-1043,-1038,-11,-5,16,23,28,33	4282970	N\A	N\A	N\A	N\A
P	0	257	0	38.4713	-50.031	115.211	2.12069	-0.312934	0.197038	1.866	0.285	15	114.5	0	4	1	A	0	18076	0	0.132511	-1	0	0	-10000	-1022,-1016,-995,-988,-983,-978,-6,15,33	4283981	N\A	N\A	N\A	N\A
P	0	258	0	38.7052	-49.7022	115.269	2.11856	-0.315204	0.206387	1.794	0.279	12	114.25	0	4	1	A	0	18076	0	0.11823	-1	0	0	-10000	-1999,-1992,-1987,-1982,-1010,-989,-971,-7,12,15,22,32,39	4284985	N\A	N\A	N\A	N\A
P	0	259	0	37.6395	-54.405	117.19	2.11941	-0.33715	0.158936	1.779	0.312	15	115	0	4	1	A	0	18076	0	0.128484	-1	0	0	-10000	-1989,-1971,-1007,-988,-985,-978,-968,-961,-13,-7,15,26,31,37,393	4285985	N\A	N\A	N\A	N\A
P	0	260	0	38.4681	-49.7256	115.233	2.11859	-0.314647	0.205342	1.779	0.288	15	114.5	0	4	1	A	0	18076	0	0.168449	-1	0	0	-10000	-1988,-1977,-1972,-1966,-1610,-1011,-1007,-984,-978,-973,-7,15,21,26	4287988	N\A	N\A	N\A	N\A
P	0	261	0	42.3164	-49.6993	117.169	2.03828	-0.412442	0.385381	1.707	0.714	14	119.5	0	4	1	A	0	18076	0	0.126962	-1	0	0	-10000	-1984,-1978,-1973,-1007,-985,-979,-974,-497,-492,-275,-236,-20,-14,-6,14,27,286,497	4288988	N\A	N\A	N\A	N\A
P	0	262	0	43.4502	-49.6756	117.089	2.10274	-0.753234	0.25365	1.779	0.75	10	119	0	4	1	A	0	18076	0	0.168194	-1	0	0	-10000	-1987,-1974,-1715,-1504,-1382,-1361,-1282,-1277,-1271,-1105,-1099,-1078,-1072,-1022,-1015,-1005,-989,-212,-17,-13,-6,10,16	4290989	N\A	N\A	N\A	N\A
P	0	263	0	43.0852	-51.2667	117.667	2.04361	-0.528905	0.369271	1.632	0.75	9	119.5	0	4	1	A	0	18076	0	0.118894	-1	0	0	-10000	-1994,-1988,-1450,-1438,-1288,-1238,-1022,-1017,-1010,-994,-989,-22,-16,9,15,22,282,288	4292993	N\A	N\A	N\A	N\A
P	0	264	0	88.4907	-33.3255	168.095	-0.590949	0.52887	-0.845413	9.192	1.212	-130	129	0	4	1	A	0	18076	0	0.331226	-1	0	0	-10000	-1362,-1340,-840,-828,-661,-644,-637,-611,-551,-140,-130,-84,110,127	4314638	N\A	N\A	N\A	N\A
P	0	265	0	84.6041	-36.0869	173.708	-0.503185	0.397482	-0.766185	10.05	0.87	-79	128	0	4	1	A	0	18076	0	0.287096	-1	0	0	-10000	-1834,-1817,-1810,-1784,-1724,-1313,-1303,-1257,-1063,-1046,-624,-614,-605,-590,-579,-96,-79,10	4315811	N\A	N\A	N\A	N\A
P	0	266	0	80.3242	-75.6482	131.675	1.59887	-0.0523845	0.715298	1.737	0.132	-2	-10000	0	4	1	A	0	18076	0	0.110332	-1	0	0	-10000	-1985,-1945,-1940,-1695,-1684,-978,-974,-968,-962,-2,9,37	4523600	N\A	N\A	N\A	N\A
P	0	268	0	83.2793	-67.2504	157.856	0.133783	1.01318	-0.589687	6.129	0.321	-52	-10000	0	4	1	A	0	18076	0	0.10494	-1	0	0	-10000	-1191,-1180,-52,-20	4551488	N\A	N\A	N\A	N\A
P	0	270	0	77.5867	-66.9222	163.87	0.20298	0.822091	-0.564802	6.936	0.933	-59	119.75	0	4	1	A	0	18076	0	0.259692	-1	0	0	-10000	-1948,-1171,-1163,-59,-47,-20,493,499	4561504	N\A	N\A	N\A	N\A
P	0	271	0	91.4081	-78.2695	142.779	-0.126891	1.32988	-0.899034	2.052	0.285	1	120	0	4	1	A	0	18076	0	0.143088	-1	0	0	-10000	-1998,-1992,-1988,-1204,-1187,-1159,-1154,-1148,-1143,-1138,-1088,-9,1,8,18	4572845	N\A	N\A	N\A	N\A
P	0	272	0	64.0867	-78.6124	145.876	1.25596	0.381656	0.308095	4.449	0.495	-22	119	0	4	1	A	0	18076	0	0.169754	-1	0	0	-10000	-1995,-1977,-1766,-1438,-1432,-1422,-1416,-1405,-1399,-1388,-1377,-1261,-54,-43,-22,-9,56	4586384	N\A	N\A	N\A	N\A
P	0	273	0	68.9934	-76.1335	136.32	1.50156	0.0431745	0.527904	2.46	0.465	-38	118.25	0	4	1	A	0	18076	0	0.151743	-1	0	0	-10000	-1061,-1033,-1023,-38,0,5	4589436	N\A	N\A	N\A	N\A
P	0	274	0	69.5655	-76.0593	134.946	1.53258	-0.0205813	0.554071	2.049	0.312	-37	115	0	4	1	A	0	18076	0	0.119443	-1	0	0	-10000	-1040,-1002,-997,-37,-29,-1,4	4590438	N\A	N\A	N\A	N\A
P	0	275	0	70.4353	-72.6871	132.395	1.56369	-0.058948	0.572985	1.977	0.252	-36	115.5	0	4	1	A	0	18076	0	0.143633	-1	0	0	-10000	-1999,-1039,-1031,-1003,-998,-42,-36,-31,2,25	4591440	N\A	N\A	N\A	N\A
P	0	276	0	71.7551	-72.044	129.692	1.62979	-0.191339	0.613183	1.782	0.15	-36	110.5	0	4	1	A	0	18076	0	0.081021	-1	0	0	-10000	-1980,-1964,-1797,-1214,-1208,-1203,-1041,-1013,-1003,-974,-36,-3,14,26	4596447	N\A	N\A	N\A	N\A
P	0	277	0	72.4488	-76.813	131.675	1.63725	-0.29506	0.601114	1.719	0.153	5	112	0	4	1	A	0	18076	0	0.0932629	-1	0	0	-10000	-1972,-1034,-1001,-984,-972,-484,-38,5,11,16,22,28	4597445	N\A	N\A	N\A	N\A
P	0	278	0	73.5695	-73.1406	129.001	1.6673	-0.302876	0.588024	1.713	0.144	14	112.75	0	4	1	A	0	18076	0	0.0314894	-1	0	0	-10000	-1986,-1974,-1486,-1040,-997,-991,-986,-980,-974,14,26	4598447	N\A	N\A	N\A	N\A
P	0	279	0	79.6018	-65.1306	120.675	1.85396	-0.787918	0.674062	1.989	0.198	58	117.75	0	4	1	A	0	18076	0	0.0997977	-1	0	0	-10000	-1999,-1993,-1988,-1982,-1976,-988,-976,-198,-193,-171,-165,24,58,62,68,74,379,429,457,479	4599449	N\A	N\A	N\A	N\A
P	0	280	0	75.6517	-70.5805	120.809	1.92077	-0.465749	0.538376	1.632	0.099	61	117	0	4	1	A	0	18076	0	0.0750662	-1	0	0	-10000	-1977,-1943,-1939,-1933,-1927,-1622,-1572,-1544,-1522,-983,-977,-960,-939,-927,-455,-449,-443,-438,-372,-343,-72,17,23,40,61,73	4601450	N\A	N\A	N\A	N\A
P	0	281	0	75.6517	-70.5805	120.809	1.92077	-0.465749	0.538376	1.632	0.099	61	117	0	4	1	A	0	18076	0	0.0750662	-1	0	0	-10000	-1977,-1943,-1939,-1933,-1927,-1622,-1572,-1544,-1522,-983,-977,-960,-939,-927,-455,-449,-443,-438,-372,-343,-72,17,23,40,61,73	4601450	N\A	N\A	N\A	N\A
P	0	282	0	53.8889	-41.2445	166.979	0.219148	0.47355	-0.372741	5.976	1.038	-94	123.25	0	4	1	A	0	18076	0	0.29796	-1	0	0	-10000	-1739,-1700,-1694,-1261,-1244,-1222,-1216,-1211,-1161,-800,-795,-783,-778,-105,-94,-72,389,398,422,462	4611125	N\A	N\A	N\A	N\A
P	0	284	0	58.7701	-72.7403	141.169	1.36311	0.336936	0.378857	4.332	0.528	-24	119.5	0	4	1	A	0	18076	0	0.245984	-1	0	0	-10000	-1057,-1023,-1012,-57,-24,65	4650845	N\A	N\A	N\A	N\A
P	0	285	0	59.9347	-71.226	131.553	1.56431	0.208458	0.484692	2.772	0.543	-57	120	0	4	1	A	0	18076	0	0.27369	-1	0	0	-10000	-1939,-1062,-1057,-1023,-57,-46,38,465,477	4652849	N\A	N\A	N\A	N\A
P	0	286	0	47.5161	-65.292	136.79	1.43512	0.193159	0.30686	3.405	0.429	-73	122.25	0	4	1	A	0	18076	0	0.139057	-1	0	0	-10000	-1972,-1963,-1944,-1939,-1933,-1928,-1911,-1906,-1384,-1363,-1356,-1351,-1333,-1323,-95,-90,-79,-73,-18,-12	4658834	N\A	N\A	N\A	N\A
P	0	287	0	47.1584	-64.7793	136.722	1.44461	0.176813	0.301736	3.459	0.357	-68	120.75	0	4	1	A	0	18076	0	0.0947638	-1	0	0	-10000	-1161,-1156,-1145,-1139,-1084,-1078,-95,-90,-78,-68,-18,-11	4659900	N\A	N\A	N\A	N\A
P	0	289	0	63.7164	-58.6055	167.737	0.383156	0.715555	-0.321861	6.456	2.043	-91	128.75	0	4	1	A	0	18076	0	0.575567	-1	0	0	-10000	-1692,-703,-697,-669,-91,-74	4672534	N\A	N\A	N\A	N\A
P	0	290	0	64.6911	-51.9651	166.558	0.317585	0.705464	-0.331527	7.422	1.023	-85	127.5	0	4	1	A	0	18076	0	0.226194	-1	0	0	-10000	-1942,-1936,-1908,-1330,-1313,-735,-718,-702,-696,-691,-135,-124,-118,-108,-101,-85	4673773	N\A	N\A	N\A	N\A
P	0	291	0	65.2916	-54.7603	167.609	0.344287	0.721497	-0.317786	7.23	1.626	-114	126	0	4	1	A	0	18076	0	0.341105	-1	0	0	-10000	-1882,-1871,-1865,-1855,-1848,-1832,-687,-676,-671,-114,-98,-91,-80	4675520	N\A	N\A	N\A	N\A
P	0	292	0	65.0038	-51.2939	167.726	0.27679	0.702319	-0.357451	7.752	1.11	-117	123.5	0	4	1	A	0	18076	0	0.378389	-1	0	0	-10000	-1834,-1828,-1768,-1728,-1724,-1718,-733,-728,-667,-622,-128,-117,-100,-94,-88	4681419	N\A	N\A	N\A	N\A
P	0	294	0	79.7423	-47.6386	171.286	-0.210044	0.652175	-0.732141	11.115	2.769	-113	129.5	0	4	1	A	0	18076	0	0.549765	-1	0	0	-10000	-1654,-1626,-1608,-580,-574,-113,-87,356,370,381	4761267	N\A	N\A	N\A	N\A
P	0	295	0	71.5535	-26.2984	171.778	-0.388871	0.41347	-0.616446	8.46	1.002	-103	129.75	0	4	1	A	0	18076	0	0.416577	-1	0	0	-10000	-1589,-1564,-1452,-1446,-1441,-1252,-815,-790,-752,-680,-113,-103,-85,21	4772251	N\A	N\A	N\A	N\A
P	0	296	0	68.6717	-31.9054	172.638	-0.372931	0.363109	-0.666253	7.803	1.11	395	120.5	0	4	1	A	0	18076	0	0.410252	-1	0	0	-10000	-1578,-1568,-1550,-1444,-90,-58,395,412,445,449	4773716	N\A	N\A	N\A	N\A
P	0	297	0	72.8996	-32.0137	171.474	-0.389975	0.470078	-0.631164	11.853	1.317	-103	133.25	0	4	1	A	0	18076	0	0.410252	-1	0	0	-10000	-1942,-588,-556,-103,-86,-53,-49	4774214	N\A	N\A	N\A	N\A
P	0	298	0	68.6717	-31.9054	172.638	-0.372931	0.363109	-0.666253	7.803	1.11	395	120.5	0	4	1	A	0	18076	0	0.410252	-1	0	0	-10000	-1578,-1568,-1550,-1444,-90,-58,395,412,445,449	4773716	N\A	N\A	N\A	N\A
P	0	299	0	89.0961	-59.6185	162.232	-0.479014	0.804088	-1.08912	6.069	0.336	-26	118.5	0	4	1	A	0	18076	0	0.119654	-1	0	0	-10000	-1047,-26,401,442	4789754	N\A	N\A	N\A	N\A
P	0	300	0	89.1481	-49.2154	172.297	-0.391483	0.461172	-0.866255	8.325	2.487	370	122	0	4	1	A	0	18076	0	0.37163	-1	0	0	-10000	-1848,-1819,-1758,-1648,-1128,-1116,-1108,-664,-659,-70,-64,370,413	4794782	N\A	N\A	N\A	N\A
P	0	301	0	92.3855	-82.6664	153.498	-0.564262	1.0188	-1.34854	3.84	0.492	-20	118.5	0	4	1	A	0	18076	0	0.140759	-1	0	0	-10000	-1530,-1513,-1508,-20,-8,453,463,479	4803738	N\A	N\A	N\A	N\A
P	0	302	0	97.1059	-73.8584	156.045	-0.516165	0.991322	-1.24947	4.995	1.074	-152	119	0	4	1	A	0	18076	0	0.207274	-1	0	0	-10000	-1926,-1914,-1453,-1443,-1427,-948,-944,-939,-927,-916,-152,-144,-78,399,405,412,422,427	4805644	N\A	N\A	N\A	N\A
P	0	303	0	90.304	-77.018	161.104	-0.348586	0.829964	-1.09584	4.428	0.273	-89	119	0	4	1	A	0	18076	0	0.142468	-1	0	0	-10000	-1731,-1725,-1718,-1708,-1703,-1179,-1169,-1164,-1149,-1087,-499,-105,-89,-60,396,429,435,451,457	4807774	N\A	N\A	N\A	N\A
P	0	304	0	92.044	-55.4513	167.795	-0.541574	0.622902	-1.06229	7.785	0.612	-59	121.5	0	4	1	A	0	18076	0	0.307796	-1	0	0	-10000	-1993,-1254,-1225,-59,-27	4826783	N\A	N\A	N\A	N\A
P	0	305	0	93.9809	-48.8708	172.309	-0.500296	0.414924	-0.915562	9.348	1.239	-54	118.75	0	4	1	A	0	18076	0	0.464941	-1	0	0	-10000	-1460,-1425,-54,-26	4834773	N\A	N\A	N\A	N\A
P	0	306	0	104.083	-59.4046	150.202	-1.06484	0.709791	-1.56689	3.381	0.105	13	119.5	0	4	1	A	0	18076	0	0.0475413	-1	0	0	-10000	-1670,-1659,-1642,-1636,-1624,-936,-587,-581,-297,-281,3,7,13,19	4843768	N\A	N\A	N\A	N\A
P	0	307	0	102.989	-46.7924	141.905	-1.34291	0.393827	-1.58445	3.267	0.156	2	119	0	4	1	A	0	18076	0	0.0597062	-1	0	0	-10000	-1814,-1370,-1344,-1324,-15,-9,-4,2	4863806	N\A	N\A	N\A	N\A
P	0	308	0	105.258	-32.9928	134.576	-1.37735	0.436689	-1.30115	4.023	1.386	-8	119	0	4	1	A	0	18076	0	0.365475	-1	0	0	-10000	-1998,-1053,-1042,-1025,-1020,-8	4868818	N\A	N\A	N\A	N\A
P	0	309	0	104.964	-52.7487	157.489	-0.918147	0.55282	-1.3057	5.025	0.516	-24	120	0	4	1	A	0	18076	0	0.128532	-1	0	0	-10000	-1018,-24	4879831	N\A	N\A	N\A	N\A
P	0	310	0	94.7846	-35.1171	167.964	-0.622576	0.356695	-0.819101	8.889	0.933	-77	126.75	0	4	1	A	0	18076	0	0.264853	-1	0	0	-10000	-1699,-1644,-1143,-1099,-950,-944,-123,-77	4894834	N\A	N\A	N\A	N\A
P	0	311	0	94.3934	-34.3977	168.052	-0.612966	0.368134	-0.809597	8.643	1.056	-119	126.75	0	4	1	A	0	18076	0	0.218484	-1	0	0	-10000	-1930,-1924,-1103,-1057,-119,-111,-85,-80	4895814	N\A	N\A	N\A	N\A
P	0	312	0	81.6515	-18.959	163.597	-0.712625	0.401148	-0.794635	8.04	0.933	-97	119	0	4	1	A	0	18076	0	0.374864	-1	0	0	-10000	-1986,-1503,-1496,-1481,-1430,-1424,-1316,-1307,-1013,-996,-970,-853,-847,-841,-97	4910763	N\A	N\A	N\A	N\A
P	0	313	0	81.3512	-24.8589	168.732	-0.62318	0.428176	-0.7671	7.788	0.921	-100	125	0	4	1	A	0	18076	0	0.335048	-1	0	0	-10000	-1450,-1444,-1426,-1422,-865,-733,-727,-389,-383,-378,-111,-100	4913231	N\A	N\A	N\A	N\A
P	0	314	0	80.9867	-26.6135	168.566	-0.584089	0.462293	-0.732721	11.394	2.907	377	142.75	0	4	1	A	0	18076	0	0.450526	-1	0	0	-10000	-607,-117,-108,-94,169,174,335,346,366,377,386,424	4915367	N\A	N\A	N\A	N\A
P	0	315	0	79.7179	-30.0136	172.332	-0.554337	0.417328	-0.768105	8.424	0.723	-100	123.5	0	4	1	A	0	18076	0	0.235886	-1	0	0	-10000	-1319,-1313,-1291,-813,-775,-768,-619,-613,-608,-106,-100,-91	4920098	N\A	N\A	N\A	N\A
P	0	316	0	80.1363	-26.3566	168.692	-0.563865	0.452494	-0.740809	10.038	0.825	-96	129.5	0	4	1	A	0	18076	0	0.321656	-1	0	0	-10000	-1862,-1357,-1349,-1190,-1185,-646,-634,-518,-506,-501,-112,-102,-96,-85,-79,-72,-46,55,66	4922742	N\A	N\A	N\A	N\A
P	0	317	0	80.7619	-23.4427	169.203	-0.58008	0.446901	-0.72096	11.496	1.875	-99	133.25	0	4	1	A	0	18076	0	0.337028	-1	0	0	-10000	-1505,-1499,-1494,-1026,-972,-966,-927,-777,-705,-576,-568,-421,-415,-410,-111,-99,-93,62,68,74,95,245,295	4925296	N\A	N\A	N\A	N\A
P	0	318	0	76.3974	-23.3672	173.384	-0.471313	0.33558	-0.630042	196.605	190.122	-113	-10000	1	11	1	A	0	18076	0	63.9295	-1	0	0	-10000	-1475,-1462,-949,-942,-773,-710,-652,-512,-501,-495,-489,-468,-123,-113,-72,-68,-51,-46,-35,-18,-7,477,487	4936245	N\A	N\A	N\A	N\A
P	0	319	0	102.37	-40.6028	150.775	-1.09503	0.440943	-1.29612	6.537	0.378	-35	-10000	0	4	1	A	0	18076	0	0.274368	-1	0	0	-10000	-1986,-1980,-1974,-1969,-1964,-1953,-1524,-1513,-1319,-35,494	4984225	N\A	N\A	N\A	N\A
P	0	320	0	103.084	-35.2347	147.458	-1.13426	0.448222	-1.28136	6.765	0.495	-36	-10000	0	4	1	A	0	18076	0	0.250118	-1	0	0	-10000	-1513,-1507,-1501,-1497,-1454,-1447,-1313,-1297,-57,-51,-36	4990223	N\A	N\A	N\A	N\A
P	0	321	0	99.5046	-53.0057	168.062	-0.498883	0.444602	-0.935168	7.686	0.891	-104	-10000	0	4	1	A	0	18076	0	0.308493	-1	0	0	-10000	-1654,-1649,-1643,-1626,-1599,-1142,-1138,-1131,-1086,-147,-142,-104,414	5016252	N\A	N\A	N\A	N\A
P	0	322	0	98.5748	-58.7613	173.435	-0.441571	0.450523	-0.889913	8.466	1.416	-115	-10000	0	4	1	A	0	18076	0	0.374582	-1	0	0	-10000	-1666,-1661,-1623,-1105,-715,-162,-143,-115	5017771	N\A	N\A	N\A	N\A
P	0	323	0	98.5828	-53.8286	168.442	-0.483693	0.438604	-0.928998	8.676	1.236	-52	-10000	0	4	1	A	0	18076	0	0.580076	-1	0	0	-10000	-1638,-1619,-1591,-52	5019247	N\A	N\A	N\A	N\A
P	0	324	0	99.6274	-57.0277	172.447	-0.477868	0.45392	-0.922025	6.741	0.702	-157	-10000	0	4	1	A	0	18076	0	0.232643	-1	0	0	-10000	-766,-750,-728,-162,-157,-128,-124,-117	5021910	N\A	N\A	N\A	N\A
P	0	325	0	99.8629	-53.9546	171.437	-0.48651	0.441827	-0.915225	6.825	0.714	-155	-10000	0	4	1	A	0	18076	0	0.243878	-1	0	0	-10000	-752,-161,-155,-138,-127,-115	5023955	N\A	N\A	N\A	N\A
P	0	326	0	106.877	-63.5043	158.992	-0.645329	0.658638	-1.09869	2.475	0.414	-5	-10000	0	4	1	A	0	18076	0	0.0935708	-1	0	0	-10000	-1009,-5,1	5065317	N\A	N\A	N\A	N\A
P	0	327	0	105.873	-67.1667	160.915	-0.646661	0.645312	-1.1023	2.505	0.471	-4	-10000	0	4	1	A	0	18076	0	0.123264	-1	0	0	-10000	-1999,-1992,-1002,-997,-4,2	5070318	N\A	N\A	N\A	N\A
P	0	328	0	107.171	-62.465	158.572	-0.650183	0.657996	-1.09855	2.577	0.468	-4	-10000	0	4	1	A	0	18076	0	0.130498	-1	0	0	-10000	-1005,-1000,-4,1	5072321	N\A	N\A	N\A	N\A
P	0	329	0	106.155	-66.7826	160.537	-0.647106	0.64949	-1.10808	2.601	0.459	-5	-10000	0	4	1	A	0	18076	0	0.0924101	-1	0	0	-10000	-1005,-1000,-5,5	5073322	N\A	N\A	N\A	N\A
P	0	330	0	107.135	-63.004	158.73	-0.650775	0.657578	-1.09793	2.571	0.441	-3	-10000	0	4	1	A	0	18076	0	0.0860433	-1	0	0	-10000	-1996,-1003,-3	5075323	N\A	N\A	N\A	N\A
P	0	331	0	94.9131	-49.1771	172.82	-0.46678	0.321449	-0.839835	9.594	1.188	-59	-10000	0	4	1	A	0	18076	0	0.48369	-1	0	0	-10000	-1175,-1139,-87,-59,-48	5082326	N\A	N\A	N\A	N\A
P	0	332	0	95.9938	-52.4003	172.877	-0.424391	0.386578	-0.849712	9.459	1.173	-107	-10000	0	4	1	A	0	18076	0	0.527752	-1	0	0	-10000	-1901,-1865,-813,-785,-774,-154,-142,-107	5083052	N\A	N\A	N\A	N\A
P	0	333	0	94.9131	-49.1771	172.82	-0.46678	0.321449	-0.839835	9.594	1.188	-59	-10000	0	4	1	A	0	18076	0	0.48369	-1	0	0	-10000	-1175,-1139,-87,-59,-48	5082326	N\A	N\A	N\A	N\A
P	0	334	0	93.3618	-52.6079	174.419	-0.455033	0.312634	-0.842262	9.453	1.191	-57	-10000	0	4	1	A	0	18076	0	0.460768	-1	0	0	-10000	-1058,-57,-47	5088336	N\A	N\A	N\A	N\A
P	0	335	0	80.0031	-25.6815	172.342	-0.526051	0.264772	-0.638069	11.433	3.021	-90	-10000	0	4	1	A	0	18076	0	0.750051	-1	0	0	-10000	-1779,-1773,-1768,-1234,-1212,-723,-716,-623,-617,-612,-90,5,11,314,322,332,489	5095356	N\A	N\A	N\A	N\A
P	0	336	0	60.8434	-13.5226	171.913	-0.486839	-0.0688453	-0.345217	8.085	1.686	-91	-10000	0	4	1	A	0	18076	0	0.769435	-1	0	0	-10000	-1092,-1066,-1044,-91,-65,-43	5102349	N\A	N\A	N\A	N\A
P	0	337	0	93.7249	-56.9465	169.81	-0.442894	0.484648	-0.939286	8.19	0.873	-56	-10000	0	4	1	A	0	18076	0	0.372266	-1	0	0	-10000	-1730,-1691,-1119,-1091,-56,458,475,493	5138386	N\A	N\A	N\A	N\A
P	0	338	0	95.1458	-50.426	170.456	-0.467432	0.437924	-0.898259	9.483	1.092	-56	-10000	0	4	1	A	0	18076	0	0.513431	-1	0	0	-10000	-1512,-1506,-1480,-1462,-56,-45	5158366	N\A	N\A	N\A	N\A
P	0	339	0	94.8664	-50.7482	170.613	-0.466572	0.43884	-0.900125	9.54	1.08	-55	-10000	0	4	1	A	0	18076	0	0.551055	-1	0	0	-10000	-1490,-1480,-1446,-1439,-117,-101,-55,-45	5166373	N\A	N\A	N\A	N\A
P	0	340	0	76.4226	-67.5458	122.84	1.76365	-0.44444	0.844964	1.755	0.132	64	-10000	0	4	1	A	0	18076	0	0.0795615	-1	0	0	-10000	-974,-958,-412,-408,-397,-269,-264,-242,-25,25,41,64,69,202	5223452	N\A	N\A	N\A	N\A
P	0	342	0	63.4399	-74.6412	152.99	0.997969	0.690191	0.0947781	5.802	0.582	-32	115.5	0	4	1	A	0	18076	0	0.20026	-1	0	0	-10000	-1143,-1138,-1132,-1127,-1121,-1110,-1093,-1065,-64,-60,-54,-32	5239465	N\A	N\A	N\A	N\A
P	0	343	0	61.2715	-70.1031	156.941	0.871928	0.544356	-0.0171016	6.192	0.609	-63	117.5	0	27	1	A	0	18076	0	0.205509	-1	0	0	-10000	-1894,-1883,-1606,-1595,-1587,-1578,-1573,-1562,-1550,-1544,-63,-39,394	5245444	N\A	N\A	N\A	N\A
P	0	344	0	61.0226	-71.3363	157.537	0.870852	0.537216	-0.0184303	6.216	0.594	-63	118.75	0	4	1	A	0	18076	0	0.202254	-1	0	0	-10000	-1994,-1984,-1851,-1562,-1551,-1517,-1511,-1507,-1491,-63,-40,-6	5249444	N\A	N\A	N\A	N\A
P	0	345	0	61.2712	-73.4349	157.33	0.88636	0.557809	-0.0107898	5.985	0.402	-31	117.5	0	27	1	A	0	18076	0	0.184201	-1	0	0	-10000	-1086,-1063,-1029,-452,-63,-58,-31,392,398,409,414,425,442,448,465	5250467	N\A	N\A	N\A	N\A
P	0	346	0	78.1013	-55.4449	162.322	-0.00381037	0.924511	-0.617453	6.087	0.21	-66	117.75	0	4	1	A	0	18076	0	0.0423445	-1	0	0	-10000	-950,-66	5270517	N\A	N\A	N\A	N\A
P	0	347	0	78.8691	-78.4542	140.455	1.23273	1.08953	0.403636	2.001	0.243	-1	117.25	0	4	1	A	0	18076	0	0.0998065	-1	0	0	-10000	-1996,-1984,-1001,-990,-984,-1,10	5329548	N\A	N\A	N\A	N\A
P	0	348	0	77.6234	-81.4209	142.106	1.22248	1.07558	0.380832	2.247	0.402	-3	116.5	0	4	1	A	0	18076	0	0.167033	-1	0	0	-10000	-1998,-1993,-1987,-998,-986,-3,2,8	5332551	N\A	N\A	N\A	N\A
P	0	349	0	71.0805	-75.4272	153.646	0.798022	0.83912	-0.0889015	5.775	0.354	-53	120	0	4	1	A	0	18076	0	0.141825	-1	0	0	-10000	-1648,-1638,-1621,-1614,-1609,-1592,-1587,-1581,-1437,-1425,-58,-53,-47,-15	5341525	N\A	N\A	N\A	N\A
P	0	350	0	69.8017	-76.5043	155.733	0.911589	0.759383	0.0484497	5.919	0.507	-100	118.75	0	4	1	A	0	18076	0	0.221335	-1	0	0	-10000	-1833,-1828,-1822,-1790,-806,-800,-789,-762,-645,-172,-166,-162,-155,-100	5343300	N\A	N\A	N\A	N\A
P	0	351	0	46.1354	-65.6284	148.312	1.22801	0.296792	0.159342	5.664	0.615	-89	123	0	4	1	A	0	18076	0	0.165238	-1	0	0	-10000	-1665,-1660,-1643,-1637,-1621,-1610,-1599,-683,-661,-638,-634,-621,-605,-594,-145,-106,-89,-44,305,310,321,338,343,361,399	5354152	N\A	N\A	N\A	N\A
P	0	352	0	58.2039	-55.9995	150.061	0.744277	0.94475	0.0327994	4.239	0.405	-98	121	0	4	1	A	0	18076	0	0.0783277	-1	0	0	-10000	-1974,-1963,-1957,-1929,-1919,-1913,-1896,-1890,-1886,-1386,-1380,-1374,-1369,-1341,-1335,-1330,-1324,-1320,-1313,-1303,-1291,-1286,-1147,-870,-775,-736,-114,-108,-104,-98,-87,325	5385589	N\A	N\A	N\A	N\A
P	0	353	0	77.3609	-81.4176	145.478	0.849725	1.192	-0.00816898	2.265	0.333	-3	119.75	0	4	1	A	0	18076	0	0.155468	-1	0	0	-10000	-981,-975,-970,-27,-3,464,470,476,480	5403604	N\A	N\A	N\A	N\A
P	0	354	0	83.0682	-78.425	140.847	0.878453	1.28411	0.0550661	2.13	0.354	4	119.5	0	4	1	A	0	18076	0	0.186687	-1	0	0	-10000	-1025,-1008,4,14,21	5409607	N\A	N\A	N\A	N\A
P	0	355	0	81.3156	-82.1488	144.521	0.647658	1.27178	-0.199856	3.138	0.399	-8	121.75	0	4	1	A	0	18076	0	0.226236	-1	0	0	-10000	-998,-988,-981,-25,-8,8	5410609	N\A	N\A	N\A	N\A
P	0	356	0	80.8163	-79.43	146.521	0.421604	1.18899	-0.446349	3.576	0.483	-7	116.25	0	4	1	A	0	18076	0	0.26023	-1	0	0	-10000	-1986,-1970,-1570,-1565,-1559,-1536,-1525,-1509,-1487,-1475,-41,-30,-7	5413588	N\A	N\A	N\A	N\A
P	0	357	0	54.9007	-62.6963	163.299	0.665426	0.504684	-0.189049	6.57	0.372	-45	121.5	0	4	1	A	0	18076	0	0.192607	-1	0	0	-10000	-1667,-1100,-1092,-1067,-1056,-478,-94,-83,-66,-45	5420622	N\A	N\A	N\A	N\A
P	0	358	0	58.7065	-62.9952	161.921	0.742968	0.530386	-0.0988526	8.781	0.75	-85	121	0	4	1	A	0	18076	0	0.268301	-1	0	0	-10000	-1708,-1681,-1675,-1670,-1658,-1642,-1634,-1614,-1587,-1142,-1125,-1103,-1086,-653,-642,-631,-624,-614,-598,-580,-147,-142,-124,-98,-85,380,386,406,414,426,442,463,476,480	5424848	N\A	N\A	N\A	N\A
P	0	359	0	61.4435	-57.191	165.209	0.43818	0.661655	-0.288202	6.204	0.189	-79	117.5	0	4	1	A	0	18076	0	0.0657456	-1	0	0	-10000	-957,-691,-85,-79,-75,-58,498	5432635	N\A	N\A	N\A	N\A
P	0	360	0	72.9677	-61.4261	170.539	0.161858	0.758095	-0.516095	8.328	2.601	-112	126	0	4	1	A	0	18076	0	0.696946	-1	0	0	-10000	-652,-642,-112,-87	5437185	N\A	N\A	N\A	N\A
P	0	361	0	72.9108	-55.0662	170.981	0.152447	0.708083	-0.469774	8.241	1.392	-127	130.25	0	4	1	A	0	18076	0	0.360097	-1	0	0	-10000	-1672,-1667,-1095,-1072,-614,-601,-588,-138,-127,50,56,351	5442210	N\A	N\A	N\A	N\A
P	0	362	0	49.5836	-59.0158	151.69	0.991795	0.466354	0.105533	5.121	0.18	-52	117	0	4	1	A	0	18076	0	0.0714644	-1	0	0	-10000	-1568,-1529,-1519,-1513,-1508,-1502,-1492,-52,-41,-12	5473638	N\A	N\A	N\A	N\A
P	0	363	0	61.6606	-51.1046	171.553	0.224911	0.507716	-0.420772	6.222	0.642	-91	124	0	4	1	A	0	18076	0	0.264795	-1	0	0	-10000	-1597,-1554,-1425,-1419,-1097,-1081,-1070,-947,-941,-547,-91,-85,-74,-68,440,464,473	5509738	N\A	N\A	N\A	N\A
P	0	364	0	61.3279	-47.145	174.848	0.0153653	0.431499	-0.553878	6.297	1.326	391	125	0	4	1	A	0	18076	0	0.265222	-1	0	0	-10000	-1998,-1981,-1954,-1947,-1932,-1477,-1470,-1315,-90,-76,-69,391,397,424	5512685	N\A	N\A	N\A	N\A
P	0	365	0	66.7964	-49.1113	175.533	-0.0601196	0.459089	-0.634914	9.84	2.889	391	122.75	0	4	1	A	0	18076	0	1.01932	-1	0	0	-10000	-1813,-1772,-1645,-1350,-1338,-1328,-1323,-1178,-1172,-1167,-950,-945,-83,-73,-66,-61,391,411	5523710	N\A	N\A	N\A	N\A
P	0	366	0	67.7809	-44.4883	174.495	-0.0471149	0.458737	-0.577285	5.961	0.537	-90	122	0	4	1	A	0	18076	0	0.11829	-1	0	0	-10000	-1485,-1469,-1463,-1013,-978,-968,-918,-912,-102,-90,-78,-68,-25,404,425	5526701	N\A	N\A	N\A	N\A
P	0	367	0	70.1941	-36.5553	177.336	-0.255043	0.166926	-0.638988	6.324	0.564	-78	120.75	0	4	1	A	0	18076	0	0.122833	-1	0	0	-10000	-1294,-1291,-1284,-1278,-1268,-1257,-1211,-1206,-84,-78,-71,-67,-55	5544724	N\A	N\A	N\A	N\A
P	0	368	0	69.1832	-37.7389	178.361	-0.277816	0.177797	-0.632458	7.596	0.498	-99	124	0	4	1	A	0	18076	0	0.156025	-1	0	0	-10000	-1738,-1710,-1683,-1677,-1660,-1643,-1637,-876,-866,-110,-104,-99,-87,-76,-73,396,404,413,430,434	5564724	N\A	N\A	N\A	N\A
P	0	369	0	64.2275	-68.587	165.405	0.435678	0.676646	-0.409315	6.993	0.531	-36	116.5	0	4	1	A	0	18076	0	0.291847	-1	0	0	-10000	-1541,-1535,-1524,-1513,-1485,-1480,-75,-65,-36,402,407,414,435,451,480	5606762	N\A	N\A	N\A	N\A
P	0	370	0	63.2866	-66.2537	162.632	0.612351	0.613863	-0.24283	6.9	0.597	-40	118.5	0	4	1	A	0	18076	0	0.285116	-1	0	0	-10000	-1900,-1892,-1844,-1440,-1434,-1406,-1383,-995,-989,-979,-956,-933,-86,-80,-40	5612805	N\A	N\A	N\A	N\A
P	0	371	0	63.2866	-66.2537	162.632	0.612351	0.613863	-0.24283	6.9	0.597	-40	118.5	0	4	1	A	0	18076	0	0.285116	-1	0	0	-10000	-1900,-1892,-1844,-1440,-1434,-1406,-1383,-995,-989,-979,-956,-933,-86,-80,-40	5612805	N\A	N\A	N\A	N\A
P	0	372	0	35.7901	-14.8836	159.348	-0.435482	0.0837798	-0.281733	5.346	0.969	-167	125.5	0	4	1	A	0	18076	0	0.164485	-1	0	0	-10000	-1616,-1594,-1588,-1560,-1544,-1538,-1527,-1438,-1433,-1166,-1154,-1150,-1144,-673,-655,-633,-627,-621,-183,-167,-160,-133,-127,-110,-104,-100	5637492	N\A	N\A	N\A	N\A
P	0	373	0	34.6735	-41.9164	148.05	0.787037	0.511527	0.0834057	2.838	0.117	367	115.25	0	4	1	A	0	18076	0	0.0633224	-1	0	0	-10000	-1111,-23,-17,-11,361,367,372,411,433	5650828	N\A	N\A	N\A	N\A
P	0	374	0	37.8927	-47.2088	158.892	0.662951	0.356228	-0.125801	5.292	0.657	361	124	0	4	1	A	0	18076	0	0.171134	-1	0	0	-10000	-1761,-1756,-1747,-1684,-1672,-1667,-1234,-1189,-1184,-1178,-1140,-1128,-1123,-1078,-1072,-1057,-667,-606,-600,-578,-567,-544,-150,-145,-139,-111,-105,-84,-78,-61,-39,-34,348,361,366,378,416,422,428,439,489	5663072	N\A	N\A	N\A	N\A
P	0	375	0	59.4122	-40.9506	126.445	-1.65055	0.324837	-2.10594	1.965	0.039	-10000	115	0	4	1	A	0	18076	0	-10000	-1	0	0	-10000	-1999,-1992,-992,-976,-965,-915,-909,-898,-503,-498,-486,-475,-453,-448,402	5689859	N\A	N\A	N\A	N\A
P	0	376	0	19.5097	-14.1185	97.8593	2.56495	0.0163825	0.69164	2.538	0.513	93	168.75	0	4	1	A	0	18076	0	0.2902	-1	0	0	-10000	-1913,-1278,-1247,-1234,-1228,-912,-278,-246,-234,-228,-223,93	5878717	N\A	N\A	N\A	N\A
P	0	377	0	69.5853	-30.3538	101.77	2.42579	-0.604285	0.293564	2.55	0.186	-97	119	0	4	1	A	0	18076	0	0.08988	-1	0	0	-10000	-1832,-1820,-815,-803,-114,-108,-97,-92,-69,-58	5894499	N\A	N\A	N\A	N\A
P	0	378	0	58.519	-29.1298	96.7445	2.45935	-0.260619	0.144873	3.054	0.279	46	116.25	0	4	1	A	0	18076	0	0.211586	-1	0	0	-10000	-977,-967,-963,46,62	5897664	N\A	N\A	N\A	N\A
P	0	380	0	67.299	-26.277	111.603	2.10355	-0.440268	0.778306	1.047	0.225	9	114	0	4	1	A	0	18076	0	0.0869023	-1	0	0	-10000	-1947,-1330,-1202,-1197,-1164,-1158,-1141,-1135,-1114,-1097,-1091,-1085,-980,-969,-964,-957,-885,-252,-247,-241,-202,9,20,43,282	5909677	N\A	N\A	N\A	N\A
P	0	381	0	78.3879	-29.8268	108.038	2.20202	-0.854349	0.662956	6.075	2.196	19	116	0	4	1	A	0	18076	0	0.6067	-1	0	0	-10000	-1003,-992,19,30,63	5917674	N\A	N\A	N\A	N\A
P	0	382	0	74.3046	-22.8248	107.334	2.21606	-0.799694	0.695529	2.475	0.657	15	111	0	4	1	A	0	18076	0	0.24693	-1	0	0	-10000	-1989,-1978,-1945,-989,-973,-112,-68,15,21,38	5919682	N\A	N\A	N\A	N\A
P	0	383	0	61.1443	-20.1119	106.631	2.46964	-0.716399	0.373992	1.005	0.207	17	114.25	0	4	1	A	0	18076	0	0.0977488	-1	0	0	-10000	-1983,-1977,-1973,-977,-973,-956,17,23,28,44,328,334	5926686	N\A	N\A	N\A	N\A
P	0	384	0	85.0689	-14.2084	132.36	-1.33238	0.549772	-1.37231	5.625	0.876	-19	113.75	0	4	1	A	0	18076	0	0.251657	-1	0	0	-10000	-1746,-1729,-1712,-1707,-1696,-1691,-1685,-1679,-1668,-1662,-1641,-1629,-1613,-1606,-1596,-1591,-1581,-1535,-1441,-1274,-1146,-1112,-1051,-1035,-1024,-1007,-995,-991,-968,-951,-796,-207,-201,-196,-191,-19,376,382,388,404	5936823	N\A	N\A	N\A	N\A
P	0	385	0	79.5525	-8.37557	135.317	-1.31602	0.306368	-1.2629	6.882	0.564	-79	119.75	0	4	1	A	0	18076	0	0.113741	-1	0	0	-10000	-1845,-1839,-1822,-1339,-1334,-1312,-1301,-1295,-1289,-1279,-1273,-1262,-1257,-1251,-1084,-1073,-778,-756,-728,-718,-711,-695,-684,-268,-112,-79,-73,-67,72,82,482,499	5939533	N\A	N\A	N\A	N\A
P	0	387	0	78.9485	-5.44753	137.093	-1.27694	0.308768	-1.18848	7.386	0.426	-72	121.75	0	4	1	A	0	18076	0	0.123881	-1	0	0	-10000	-1655,-1644,-1622,-1615,-1605,-1589,-1578,-1399,-1388,-1366,-949,-934,-923,-905,-894,-733,-727,-722,-433,-82,-72,-60,34,317	5946825	N\A	N\A	N\A	N\A
P	0	388	0	92.1286	-14.6018	135.71	-0.939945	0.824421	-1.01693	8.271	1.368	-25	116.25	0	4	1	A	0	18076	0	0.674833	-1	0	0	-10000	-1570,-1526,-1515,-1426,-1353,-1337,-1332,-1326,-69,-65,-25,474,480,491	5954679	N\A	N\A	N\A	N\A
P	0	389	0	89.9993	-11.1083	133.776	-0.826025	0.882663	-0.866405	7.545	1.326	-28	116	0	4	1	A	0	18076	0	0.497286	-1	0	0	-10000	-1529,-1523,-1512,-1356,-1351,-1345,-1273,-1268,-28	5956682	N\A	N\A	N\A	N\A
P	0	390	0	86.8962	-11.4684	132.553	-0.830393	0.913584	-0.856936	6.414	0.897	-23	116.25	0	4	1	A	0	18076	0	0.338406	-1	0	0	-10000	-1050,-23,33	5957704	N\A	N\A	N\A	N\A
P	0	391	0	76.7472	-0.115662	144.758	-0.913914	0.532602	-0.782194	7.644	0.735	-81	117	0	4	1	A	0	18076	0	0.349324	-1	0	0	-10000	-1615,-1609,-1597,-1587,-1454,-1121,-1065,-1060,-1042,-887,-826,-626,-621,-81,-54,18,68,385,390,402,407,419,431,435,452	5968766	N\A	N\A	N\A	N\A
P	0	392	0	76.3045	-0.478548	144.307	-0.913086	0.52888	-0.789877	7.539	0.675	-79	116	0	4	1	A	0	18076	0	0.375834	-1	0	0	-10000	-1991,-1968,-1896,-1529,-1523,-1518,-1503,-1490,-1479,-1468,-1390,-1235,-1229,-1102,-1090,-1085,-1079,-935,-79,20,31,409,414,421,437,448,459,483	5972696	N\A	N\A	N\A	N\A
P	0	393	0	83.4301	-14.0929	126.947	-1.52105	-0.0853403	-1.61434	4.845	0.654	-19	117.5	0	4	1	A	0	18076	0	0.234484	-1	0	0	-10000	-1973,-1962,-1584,-1573,-1557,-1546,-1534,-1529,-1502,-1462,-1456,-1451,-1273,-1251,-1146,-1140,-1134,-479,-418,-19,32,49,54,60,371,404,460,465	5976689	N\A	N\A	N\A	N\A
P	0	394	0	77.7065	-23.0293	106.216	-2.95639	-1.106	-0.523299	5.124	1.689	15	114	0	4	1	A	0	18076	0	0.572585	-1	0	0	-10000	-1538,-1532,-1527,-1482,-1477,-1471,-1455,-1449,-1444,-927,15,62,68,84,89	5982703	N\A	N\A	N\A	N\A
P	0	395	0	73.5211	-12.5891	124.176	1.72271	-1.01764	1.55543	3.63	0.567	1	117.25	0	4	1	A	0	18076	0	0.237322	-1	0	0	-10000	-1932,-1882,-1871,-1861,-1845,-1799,-1499,-1016,-1005,-982,-711,-561,-32,-17,1,45	5989736	N\A	N\A	N\A	N\A
P	0	396	0	72.2736	-14.1145	123.673	-1.62803	0.053811	-1.60805	4.599	1.134	-12	119	0	4	1	A	0	18076	0	0.303378	-1	0	0	-10000	-1995,-1990,-1979,-1952,-1946,-1906,-1901,-1885,-1318,-1312,-1306,-1279,-1090,-1051,-1035,-1015,-1001,-995,-962,-956,-951,-873,-868,-862,-856,-562,-51,-34,-12,44,49,61,166,411,438	5995744	N\A	N\A	N\A	N\A
P	0	397	0	72.7456	-15.1952	124.073	-1.62937	0.0491412	-1.60137	4.824	0.645	-14	118.25	0	4	1	A	0	18076	0	0.232491	-1	0	0	-10000	-1999,-1993,-1960,-1954,-1949,-1871,-1866,-1860,-1854,-1560,-1049,-1032,-1010,-954,-949,-937,-832,-587,-560,-26,-20,-14,47,51,185,413,441	5996742	N\A	N\A	N\A	N\A
P	0	398	0	70.9211	-11.6259	121.348	-1.68039	-0.0423305	-1.59959	3.765	0.951	-35	118.5	0	4	1	A	0	18076	0	0.162182	-1	0	0	-10000	-1957,-1953,-1819,-1591,-1563,-1053,-1036,-1018,-1002,-996,-957,-952,-946,-940,-563,-51,-35,-17,-13,-2,4,43,48,54,71,93,98,104,115,443,448	5998746	N\A	N\A	N\A	N\A
P	0	399	0	77.6841	-21.0083	115.6	-1.77196	-0.0455135	-1.95441	1.596	0.315	13	116.5	0	4	1	A	0	18076	0	0.131274	-1	0	0	-10000	-1999,-1982,-1949,-1927,-1893,-1210,-1205,-1016,-993,-987,-960,-953,-482,-338,-265,-254,8,13,41	6002750	N\A	N\A	N\A	N\A
P	0	400	0	69.7277	-35.5218	100.536	2.26291	-0.401476	0.330002	4.218	0.636	39	115.25	0	4	1	A	0	18076	0	0.29012	-1	0	0	-10000	-1977,-1966,-1961,-978,-972,-966,-961,-316,39,44	6036660	N\A	N\A	N\A	N\A
P	0	401	0	64.7891	-39.2223	99.4373	2.23483	-0.262821	0.227103	3.576	0.582	38	116.25	0	4	1	A	0	18076	0	0.30132	-1	0	0	-10000	-1967,-1962,-968,-718,38	6038666	N\A	N\A	N\A	N\A
P	0	402	0	83.5952	-9.82904	127.696	1.31241	-1.35568	1.98344	5.928	1.089	-22	-10000	1	11	1	A	0	18076	0	0.402702	-1	0	0	-10000	-1022,-1011,-949,-938,-22,-11	6054676	N\A	N\A	N\A	N\A
P	0	403	0	82.9008	-32.9411	106.694	1.94231	-0.19322	0.981819	6.072	1.107	28	-10000	1	11	1	A	0	18076	0	0.478014	-1	0	0	-10000	-1972,-1910,-972,-955,28,45,51	6091700	N\A	N\A	N\A	N\A
P	0	404	0	94.9587	-45.9566	113.263	1.74458	1.07704	0.968063	4.392	0.87	33	-10000	0	4	1	A	0	18076	0	0.548171	-1	0	0	-10000	-1000,-995,-972,-961,-928,-90,5,16,33,43,93,116	6113718	N\A	N\A	N\A	N\A
P	0	405	0	94.9516	-44.8369	113.133	1.63119	1.11164	0.835722	4.239	0.582	33	-10000	0	4	1	A	0	18076	0	0.443142	-1	0	0	-10000	-1999,-1994,-1971,-1960,-1927,-1089,-994,-983,-966,-956,-906,-883,6,17,33,44,94,350,360	6114717	N\A	N\A	N\A	N\A
P	0	406	0	87.6119	-87.0835	155.959	0.657754	0.185236	-0.727269	4.671	1.092	-6	-10000	1	11	1	A	0	18076	0	0.358701	-1	0	0	-10000	-1323,-1311,-1306,-1300,-1267,-1256,-33,-27,-23,-16,-6	6127731	N\A	N\A	N\A	N\A
P	0	407	0	80.9259	-77.8918	154.63	0.710799	0.104722	-0.732982	0.483	0.045	-81	-10000	0	4	1	A	0	18076	0	0.0103527	-1	0	0	-10000	-1805,-1795,-1761,-1755,-1750,-1744,-1727,-1699,-1155,-1149,-1138,-1132,-1122,-1115,-1111,-1105,-1095,-1055,-1049,-1044,-1038,-1032,-1027,-81	6135773	N\A	N\A	N\A	N\A
P	0	409	0	55.6519	-70.1961	136.899	1.03879	0.332141	-0.623806	1.908	0.486	-10000	-10000	0	4	1	A	0	18076	0	-10000	-1	0	0	-10000	-10000	6139745	N\A	N\A	N\A	N\A
P	0	410	0	50.8205	-61.6193	153.441	0.694522	-0.114255	-1.18987	4.836	0.204	-80	-10000	0	4	1	A	0	18076	0	0.0210815	-1	0	0	-10000	-1085,-1080,-1013,-80,-47,465,479	6144746	N\A	N\A	N\A	N\A
P	0	411	0	54.1989	-71.049	149.845	0.949601	-0.362938	-1.3908	0	0	-10000	-10000	0	4	1	A	0	18076	0	-10000	-1	0	0	-10000	-10000	6157740	N\A	N\A	N\A	N\A
P	0	412	0	71.4279	-79.2979	160.856	1.1954	-0.449467	-1.25714	5.832	0.48	-28	-10000	1	11	1	A	0	18076	0	0.191996	-1	0	0	-10000	-1513,-1507,-1501,-1485,-1418,-51,-46,-28	6172740	N\A	N\A	N\A	N\A
P	0	413	0	52.0745	-58.5708	155.007	0.78996	-0.366508	-1.26059	4.713	0.111	-48	-10000	0	4	1	A	0	18076	0	0.0383736	-1	0	0	-10000	-1064,-1014,-498,-422,-48	6192788	N\A	N\A	N\A	N\A
P	0	414	0	48.3702	-64.245	137.284	1.22372	-0.318939	-1.63901	2.946	0.387	-3	-10000	0	4	1	A	0	18076	0	0.150516	-1	0	0	-10000	-1092,-1070,-1054,-1048,-1004,-998,-87,-76,-70,-65,-3,7,13	6196788	N\A	N\A	N\A	N\A
P	0	415	0	61.5639	-67.3182	130.153	1.53223	-0.138383	-1.55777	3.261	0.276	-217	-10000	0	4	1	A	0	18076	0	0.079178	-1	0	0	-10000	-1552,-1540,-1518,-1513,-1507,-1501,-1495,-1414,-1346,-1323,-1318,-1313,-1296,-923,-917,-912,-413,-217,-212,-201,-190,-173,-151,-146,-51,-40,-29,-23,466,471	6200786	N\A	N\A	N\A	N\A
P	0	416	0	61.4171	-72.5096	132.659	1.55618	-0.128105	-1.58069	2.004	0.144	-46	-10000	1	11	1	A	0	18076	0	0.0646439	-1	0	0	-10000	-1541,-1536,-1063,-1052,-1046,-1024,-963,-952,-46,-23,-19,37,43,434,460,465,471,481,487,493	6202793	N\A	N\A	N\A	N\A
P	0	417	0	33.2817	-62.1566	137.496	1.12514	-0.145766	-1.29442	5.097	0.42	-19	-10000	0	4	1	A	0	18076	0	0.114978	-1	0	0	-10000	-1418,-1069,-1030,-1019,-1014,-819,-69,-30,-19,-13	6230815	N\A	N\A	N\A	N\A
P	0	418	0	32.9318	-63.1296	137.897	1.12871	-0.148301	-1.29815	5.109	0.426	-12	-10000	0	4	1	A	0	18076	0	0.101546	-1	0	0	-10000	-1818,-1068,-1029,-1018,-1012,-68,-28,-18,-12	6231814	N\A	N\A	N\A	N\A
P	0	419	0	30.9518	-65.269	139.72	1.12842	-0.168081	-1.32325	5.277	0.438	-17	-10000	0	4	1	A	0	18076	0	0.128334	-1	0	0	-10000	-1067,-1027,-1017,-1011,-413,-27,-17,-11	6232813	N\A	N\A	N\A	N\A
P	0	420	0	31.5539	-64.7561	139.362	1.12591	-0.163562	-1.31531	5.193	0.411	-19	-10000	1	11	1	A	0	18076	0	0.133256	-1	0	0	-10000	-1069,-1030,-1024,-1019,-1013,-24,-19,-13	6236816	N\A	N\A	N\A	N\A
P	0	421	0	31.2204	-65.4235	139.416	1.13514	-0.178512	-1.32629	5.304	0.414	-18	-10000	0	4	1	A	0	18076	0	0.127649	-1	0	0	-10000	-1751,-1417,-1068,-1029,-1023,-1019,-1012,-416,-68,-23,-18,-13	6262841	N\A	N\A	N\A	N\A
P	0	422	0	18.4902	-45.7453	141.318	1.14327	-0.113009	-1.48441	3.882	0.15	-10000	-10000	0	4	1	A	0	18076	0	-10000	-1	0	0	-10000	-1018	6285868	N\A	N\A	N\A	N\A
P	0	423	0	47.587	-55.8265	156.161	0.77424	-0.150352	-0.989348	4.665	0.156	-42	-10000	0	4	1	A	0	18076	0	0.0796934	-1	0	0	-10000	-1422,-1041,-1015,-1008,-42,-8	6297876	N\A	N\A	N\A	N\A
P	0	424	0	21.8603	-48.4338	135.285	1.34418	0.00444784	-0.769633	4.005	0.285	3	-10000	0	4	1	A	0	18076	0	0.148866	-1	0	0	-10000	-1997,-1008,3	6308878	N\A	N\A	N\A	N\A
P	0	425	0	20.5385	-49.7209	136.837	1.32172	-0.00229535	-0.828087	3.87	0.261	-6	-10000	0	4	1	A	0	18076	0	0.114213	-1	0	0	-10000	-1987,-1418,-1013,-1007,-417,-12,-6,14	6311884	N\A	N\A	N\A	N\A
P	0	426	0	19.64	-49.9625	137.329	1.32785	-0.0173859	-0.857728	3.729	0.252	-20	-10000	0	4	1	A	0	18076	0	0.0136201	-1	0	0	-10000	-1015,-1008,-418,-20,447,453,459,486	6314888	N\A	N\A	N\A	N\A
P	0	427	0	11.4359	-41.238	137.62	1.31523	-0.138822	-1.08383	3.942	0.438	2	-10000	0	4	1	A	0	18076	0	0.313753	-1	0	0	-10000	-1999,-1532,-1526,-1520,-1493,-1470,-1465,-1459,-1449,-1443,-396,-53,-42,-36,-32,2,447,452,470	6316867	N\A	N\A	N\A	N\A
P	0	429	0	16.0012	-50.0765	119.327	1.7119	0.207735	-0.558468	3.291	0.9	19	-10000	0	4	1	A	0	18076	0	0.25737	-1	0	0	-10000	-1492,-1486,-1481,-1475,-1454,-1448,-1425,-1402,-1381,-1331,-1181,-1175,-992,-764,-25,-8,19	6337885	N\A	N\A	N\A	N\A
P	0	430	0	14.5913	-48.8983	118.454	1.69159	0.211955	-0.589227	4.98	1.425	23	-10000	0	4	1	A	0	18076	0	0.456819	-1	0	0	-10000	-1782,-1043,-1026,-999,-32,23	6338903	N\A	N\A	N\A	N\A
P	0	431	0	14.6059	-48.4677	118.246	1.65826	0.193863	-0.592772	4.902	1.428	21	-10000	0	4	1	A	0	18076	0	0.445357	-1	0	0	-10000	-1036,-981,-8,21	6339907	N\A	N\A	N\A	N\A
P	0	432	0	14.2564	-51.2475	119.609	1.61173	0.160274	-0.583255	4.551	1.317	23	-10000	0	4	1	A	0	18076	0	0.453426	-1	0	0	-10000	-1984,-1011,-982,23	6340910	N\A	N\A	N\A	N\A
P	0	433	0	13.8812	-51.2137	120.004	1.60038	0.165345	-0.59136	4.41	1.281	22	-10000	1	11	1	A	0	18076	0	0.444664	-1	0	0	-10000	-1983,-978,22	6341911	N\A	N\A	N\A	N\A
P	0	435	0	13.6259	-47.5029	118.172	1.68168	0.146623	-0.562905	4.68	1.5	23	-10000	0	4	1	A	0	18076	0	0.444794	-1	0	0	-10000	-20,-4,23,86	6354902	N\A	N\A	N\A	N\A
P	0	436	0	13.2861	-50.1829	119.089	1.70369	0.145537	-0.52827	4.659	1.461	23	-10000	0	4	1	A	0	18076	0	0.468277	-1	0	0	-10000	-1017,-1001,-974,-911,-6,23,378	6355899	N\A	N\A	N\A	N\A
P	0	437	0	17.447	-50.2882	116.459	1.88469	0.145706	-0.333998	4.092	0.354	-230	-10000	0	4	1	A	0	18076	0	0.164374	-1	0	0	-10000	-1908,-1458,-1242,-1236,-1230,-958,-902,-885,-880,-658,-652,-546,-391,-319,-302,-296,-278,-269,-263,-258,-252,-241,-230,-208,404,409	6359786	N\A	N\A	N\A	N\A
P	0	439	0	18.461	-46.1906	112.272	1.95316	-0.0100624	-0.205518	4.041	1.164	27	-10000	0	4	1	A	0	18076	0	0.401133	-1	0	0	-10000	-1923,-1911,-1906,-1150,-1139,-1122,-1112,-1106,-1101,-1089,-1078,-1072,-1050,-395,-296,10,27,350,355,405	6362807	N\A	N\A	N\A	N\A
P	0	440	0	17.4695	-50.1918	114.258	1.94479	0.00470051	-0.222622	4.368	1.224	28	-10000	0	4	1	A	0	18076	0	0.390735	-1	0	0	-10000	-1357,-1258,-952,-935,-612,-607,-557,12,28,32	6363769	N\A	N\A	N\A	N\A
P	0	441	0	17.9787	-47.9889	113.366	1.95885	0.0115884	-0.204102	4.308	1.269	29	-10000	0	4	1	A	0	18076	0	0.378389	-1	0	0	-10000	-1908,-1891,-1568,-1563,-1513,-944,-928,-924,13,29	6364725	N\A	N\A	N\A	N\A
P	0	442	0	22.6649	-40.7123	113.419	2.04216	-0.156794	0.0430514	4.125	1.014	29	-10000	0	4	1	A	0	18076	0	0.280426	-1	0	0	-10000	-1871,-1855,-926,-909,-905,-602,12,29,192,214,275,281,286,292,297,391,402,414	6366609	N\A	N\A	N\A	N\A
P	0	443	0	55.0868	-10.5827	113.679	2.23157	-0.520328	0.867505	1.734	0.102	44	-10000	0	4	1	A	0	18076	0	0.0438163	-1	0	0	-10000	-1912,-1873,-1856,-1823,-1662,-912,-907,-895,44	6369412	N\A	N\A	N\A	N\A
P	0	444	0	26.322	-48.5544	113.688	1.9958	0.0495941	-0.0249107	2.523	0.387	27	-10000	0	4	1	A	0	18076	0	0.149723	-1	0	0	-10000	-1821,-1811,-1807,-1801,-907,-901,-895,-889,-451,13,22,27,33	6374933	N\A	N\A	N\A	N\A
P	0	445	0	22.8985	-44.1272	111.889	2.05156	0.0587816	-0.0483107	2.892	0.789	15	-10000	0	4	1	A	0	18076	0	0.28176	-1	0	0	-10000	-1804,-1795,-1790,-1784,-889,-874,-868,15,21,32	6376750	N\A	N\A	N\A	N\A
P	0	446	0	18.9922	-45.67	112.276	2.0569	0.116517	-0.192219	3.27	0.561	23	-10000	0	4	1	A	0	18076	0	0.154908	-1	0	0	-10000	-899,-882,-865,17,23,36,47,51	6379475	N\A	N\A	N\A	N\A
P	0	447	0	39.6981	-38.407	97.5746	2.33022	0.0853174	-0.193494	2.49	0.303	69	-10000	0	4	1	A	0	18076	0	0.135876	-1	0	0	-10000	-1713,-1703,-830,-820,59,69	6401813	N\A	N\A	N\A	N\A
P	0	448	0	47.6649	-28.5301	98.9022	2.54593	-0.433702	0.0548161	1.803	0.108	70	-10000	0	4	1	A	0	18076	0	0.0989724	-1	0	0	-10000	-1685,-1679,-1674,-1212,-846,-835,-801,70	6407060	N\A	N\A	N\A	N\A
P	0	449	0	42.7003	-30.922	99.7199	2.45537	-0.162752	0.143968	1.794	0.102	67	-10000	0	4	1	A	0	18076	0	0.0702362	-1	0	0	-10000	-1696,-1662,-800,-796,67	6415736	N\A	N\A	N\A	N\A
P	0	450	0	32.2494	-32.4242	96.7446	2.48994	0.123644	-0.200395	1.161	0.129	52	-10000	0	4	1	A	0	18076	0	0.0943112	-1	0	0	-10000	-1231,-1225,-1215,46,52,63,69	6423512	N\A	N\A	N\A	N\A
P	0	451	0	31.6754	-33.632	98.8519	2.49684	0.131682	-0.224751	1.191	0.102	-151	-10000	1	11	1	A	0	18076	0	0.0934422	-1	0	0	-10000	-1968,-1962,-1952,-691,-685,-674,-668,-151,-124	6424249	N\A	N\A	N\A	N\A
P	0	452	0	42.4668	-38.0043	95.3634	2.30936	0.199428	-0.156663	2.727	0.393	62	-10000	0	4	1	A	0	18076	0	0.156091	-1	0	0	-10000	-1627,-1617,-1294,-1105,-1088,-1077,-1072,-1067,-1061,62	6462753	N\A	N\A	N\A	N\A
P	0	453	0	42.8666	-37.5201	95.4565	2.32226	0.189857	-0.146393	2.751	0.375	70	-10000	0	4	1	A	0	18076	0	0.215123	-1	0	0	-10000	-1946,-1929,-1918,-1913,-1908,-1902,-779,59,70	6463594	N\A	N\A	N\A	N\A
P	0	454	0	42.8623	-38.6238	95.8826	2.32879	0.189783	-0.12392	2.682	0.357	70	-10000	0	4	1	A	0	18076	0	0.170764	-1	0	0	-10000	-1623,-785,-774,64,70	6464438	N\A	N\A	N\A	N\A
P	0	455	0	42.0407	-35.8846	95.7982	2.37405	0.147959	-0.0868118	2.547	0.258	70	-10000	0	4	1	A	0	18076	0	0.132122	-1	0	0	-10000	-1634,-1628,-784,-773,-767,60,70	6466136	N\A	N\A	N\A	N\A
P	0	456	0	41.9333	-34.9046	95.8981	2.36754	0.147568	-0.077971	2.409	0.207	68	-10000	0	4	1	A	0	18076	0	0.0887523	-1	0	0	-10000	-1626,-1616,-787,-777,62,68	6467822	N\A	N\A	N\A	N\A
P	0	457	0	51.0693	-17.0585	167.794	0.11445	-0.0737996	-0.173048	6.15	1.581	-87	-10000	0	4	1	A	0	18076	0	0.268549	-1	0	0	-10000	-1532,-1497,-1464,-1409,-1404,-1399,-1393,-1070,-1066,-1032,-887,-882,-643,-620,-615,-559,-453,-365,-248,-242,-236,-232,-125,-120,-115,-109,-87,-82,-59,-53,-26,-21,14,297,302,308	6496966	N\A	N\A	N\A	N\A
P	0	458	0	47.1639	-29.359	166.631	0.406882	-0.113791	-0.266095	5.649	2.37	-70	-10000	0	4	1	A	0	18076	0	0.554466	-1	0	0	-10000	-1948,-1920,-1871,-1782,-1776,-1771,-1766,-1543,-1537,-1532,-1526,-1521,-1493,-1486,-1443,-1315,-1310,-1304,-1299,-1082,-1076,-1071,-1066,-1060,-1049,-1009,-1004,-981,-870,-866,-860,-604,-599,-593,-584,-543,-532,-409,-404,-399,-199,-171,-165,-159,-154,-149,-132,-126,-120,-115,-103,-99,-70,-60,-32,-26,7,24,29,235,263,268,280,285,291,296,301,368,385,446,451	6500401	N\A	N\A	N\A	N\A
P	0	459	0	46.7567	-33.6326	166.556	0.468814	-0.104764	-0.299403	8.412	3.099	-167	-10000	0	4	1	A	0	18076	0	0.59337	-1	0	0	-10000	-1921,-1883,-1873,-1856,-1744,-1740,-1734,-1728,-1494,-1489,-1484,-1344,-1339,-696,-656,-622,-596,-183,-167,-123,6,11,261,267,273,277,283,289,296,311,333,377,473,478,483	6503642	N\A	N\A	N\A	N\A
P	0	460	0	46.387	-31.2305	166.761	0.452452	-0.121744	-0.277849	7.677	2.382	280	-10000	0	4	1	A	0	18076	0	0.297746	-1	0	0	-10000	-1971,-1966,-1961,-1821,-1816,-1173,-1133,-1099,-1073,-660,-644,-600,-471,-466,-216,-210,-204,-200,-194,-188,-181,-166,-144,-100,-4,1,6,246,256,262,267,280,283,300,434,440,446,450	6504119	N\A	N\A	N\A	N\A
