VERSION_6_0 2-PLA_Air_Thermocool
P	0	1	0	48.559	-60.6777	1.56138	2.63274	-0.93789	0.579453	7.791	30.27	-125	-10000	0	4	1	A	0	18061	0	1.34586	-1	0	0	-10000	-196,-193,-187,-185,-177,-176,-173,-167,-164,-160,-155,-151,-147,-144,-143,-136,-135,-133,-125,-122,-116,-112,-111,-108,-103,-102,-91,-89,-86,-83,-79,-76,-70,-61,-60,-56,-54,-47,-46,-38,-27,-26,-17,-9,-5,-1,5,8,14,15,25,28,38,41,47,48,58,61,64,66,70,74,79,81,90,91,94,99,100,103,108,112,115,122,125,132,141,144,148,155,157,164,164,174,177,187,188,191,197,197,-572,-571,-568,-563,-561,-557,-551,-548,-547,-538,-528,-519,-516,-508,-505,-496,-494,-493,-487,-486,-475,-473,-470,-463,-454,-444,-441,-439,-433,-430,-427,-422,-420,-411,-409,-402,-391,-389	3414722	N\A	N\A	N\A	N\A	-200	200	-200	200	0.03	-5	0	0	-1	-10000	-10000	-10000	3	2000	1	N\A	-10000	64	3.55326	0	1.68964	N\A	-10000	92	MAP 1-2
P	0	2	0	47.0932	-45.8769	0.652354	-3.06844	-1.08818	-0.193706	18.84	177.528	-187	-10000	0	4	1	A	0	18061	0	3.38454	-1	0	0	-10000	-191,-187,-175,-171,-164,-154,-143,-141,-134,-131,-124,-120,-108,-108,-102,-100,-91,-88,-81,-75,-71,-64,-58,-55,-48,-38,-25,-21,-17,-15,-4,9,13,19,26,29,36,42,46,59,63,70,82,92,92,102,109,113,125,132,135,143,144,148,153,158,159,164,168,176,178,187,192,196,-433,-421,-408,-404,-391,-387,-375,-370,-365,-358,-354,-342,-337,-325,-321,-304,-291,-287,-284,-271,-258,-254,-241,-237,-225,-221,-208,-204,-725,-721,-708,-704,-700,-687,-675,-671,-657,-654,-642,-637,-624,-621,-608,-604,-591,-587,-571,-558,-554,-537,-525,-521,-507,-504,-492,-487,-475,-470,-464,-458,-454,-448,-441,-437	3427074	N\A	N\A	N\A	N\A	-200	200	-200	200	0.03	-5	0	0	-1	-10000	-10000	-10000	3	2000	1	N\A	-10000	18	1.37929	0	16.486	N\A	-10000	92	MAP 1-2
P	0	3	0	7.69388	-66.7245	14.4549	2.65772	-0.513838	-0.573801	6.966	165.069	-58	-10000	0	4	1	A	0	18061	0	0.625839	-1	0	0	-10000	-199,-198,-192,-183,-174,-172,-166,-165,-157,-155,-150,-141,-139,-133,-124,-122,-116,-113,-108,-103,-99,-91,-89,-82,-75,-71,-66,-58,-56,-49,-48,-41,-33,-24,-22,-17,-16,-10,-5,-4,4,9,10,15,17,27,28,30,36,36,43,46,46,50,59,61,68,69,77,84,92,94,101,101,109,112,118,126,127,133,134,142,145,151,160,161,164,168,171,175,178,188,192,196,-762,-757,-754,-749,-742,-739,-738,-732,-725,-718,-710,-707,-706,-699,-691,-688,-673,-666,-665,-656,-655,-647,-646,-642,-637,-636,-627,-622,-621,-613,-608,-604,-590,-589,-582,-578,-573,-562,-558,-556,-549,-548,-541,-538	3674487	N\A	N\A	N\A	N\A	-200	200	-200	200	0.03	-5	0	0	-1	-10000	-10000	-10000	3	2000	1	N\A	-10000	33	0.273604	0	20.2433	N\A	-10000	92	MAP 1-2
P	0	4	0	48.8466	-43.153	7.14082	2.93216	-0.548081	-0.333937	6.648	169.032	-102	-10000	0	4	1	A	0	18061	0	0.455615	-1	0	0	-10000	-197,-186,-184,-178,-177,-170,-167,-161,-153,-151,-144,-144,-135,-134,-127,-119,-118,-114,-111,-102,-101,-93,-92,-86,-78,-69,-67,-60,-60,-56,-50,-50,-46,-40,-36,-34,-27,-26,-22,-17,-15,-13,-7,-2,-1,3,5,15,16,25,30,35,35,40,49,49,57,65,67,71,82,83,90,90,97,100,103,113,116,122,123,132,133,147,149,152,156,164,166,169,177,181,184,190,199,199,-401,-400,-391,-386,-384,-381,-377,-368,-367,-358,-352,-349,-348,-344,-335,-334,-327,-320,-315,-312,-301,-294,-290,-284,-273,-269,-268,-263,-260,-253,-251,-250,-242,-241,-232,-231,-223,-217,-209,-208,-203,-658	3687949	N\A	N\A	N\A	N\A	-200	200	-200	200	0.03	-5	0	0	-1	-10000	-10000	-10000	3	2000	1	N\A	-10000	3	0.0280247	0	25.8264	N\A	-10000	92	MAP 1-2
P	0	5	0	49.0193	-42.3779	6.82662	2.9396	-0.53349	-0.335146	9.231	141.438	-103	-10000	0	4	1	A	0	18061	0	1.96528	-1	0	0	-10000	-198,-195,-187,-184,-178,-174,-170,-166,-153,-151,-144,-140,-137,-128,-120,-118,-112,-111,-103,-101,-96,-87,-85,-79,-71,-68,-62,-53,-49,-45,-37,-34,-28,-27,-20,-17,-12,-3,-1,5,6,13,31,32,38,39,48,49,57,63,64,68,71,71,81,82,90,96,100,100,105,113,115,122,123,129,133,146,148,155,155,156,164,166,179,181,188,189,197,199,-699,-696,-687,-684,-678,-677,-669,-662,-654,-651,-645,-644,-636,-634,-628,-620,-618,-612,-603,-601,-593,-589,-587,-582,-578,-569,-568,-561,-560,-553,-550,-545,-536,-535,-528,-519,-517,-511,-503,-502,-495,-486,-484,-478,-470,-469,-465,-461	3691649	N\A	N\A	N\A	N\A	-200	200	-200	200	0.03	-5	0	0	-1	-10000	-10000	-10000	3	2000	1	N\A	-10000	32	0.0704042	0	21.2321	N\A	-10000	92	MAP 1-2
P	0	6	0	-7.09967	-15.5949	-0.288755	3.06082	0.142983	-0.967117	6.348	133.179	-175	-10000	0	4	1	A	0	18061	0	0.811412	-1	0	0	-10000	-195,-192,-187,-185,-175,-166,-165,-162,-157,-152,-151,-144,-143,-140,-134,-134,-131,-129,-120,-119,-117,-112,-109,-108,-102,-90,-86,-78,-77,-75,-69,-69,-60,-57,-53,-45,-39,-36,-31,-27,-24,-16,-12,-7,-2,-1,5,10,16,21,26,31,34,38,43,48,60,64,71,76,81,93,101,102,104,110,114,116,122,126,133,134,138,143,148,155,158,165,177,181,182,188,194,198,-452,-442,-440,-433,-432,-429,-428,-421,-419,-413,-411,-407,-400,-396,-391,-386,-385,-378,-376,-369,-368,-366,-357,-353,-348,-345,-335,-326,-325,-323,-320,-312,-302,-301,-294,-290,-285,-282,-279,-276,-269,-261,-255,-251	3745601	N\A	N\A	N\A	N\A	-200	200	-200	200	0.03	-5	0	0	-1	-10000	-10000	-10000	3	2000	1	N\A	-10000	144	0.0207358	0	43.6	N\A	-10000	92	MAP 1-2
P	0	7	0	-7.14901	-15.5648	-0.20114	3.0555	0.162831	-0.957529	2.586	125.37	-102	-10000	0	4	1	A	0	18061	0	0.466367	-1	0	0	-10000	-197,-195,-186,-182,-174,-169,-164,-162,-153,-145,-144,-141,-135,-131,-128,-123,-119,-113,-111,-108,-102,-98,-96,-90,-86,-80,-78,-72,-69,-65,-60,-57,-54,-49,-48,-45,-39,-36,-24,-16,-15,-12,-6,-6,-2,4,5,9,16,19,26,28,37,37,42,46,49,52,59,61,69,70,79,80,85,93,95,102,104,114,122,122,126,132,135,137,143,147,154,155,158,159,164,168,169,176,180,186,186,196,-453,-448,-447,-445,-441,-436,-431,-421,-419,-411,-410,-408,-399,-398,-390,-386,-380,-379,-377,-375,-369,-366,-365,-360,-357,-356,-353,-347,-337,-333,-332,-324,-323,-314,-313,-305,-301,-291	3746380	N\A	N\A	N\A	N\A	-200	200	-200	200	0.03	-5	0	0	-1	-10000	-10000	-10000	3	2000	1	N\A	-10000	43	0.0734181	0	9.5528	N\A	-10000	92	MAP 1-2
P	0	8	0	-7.09955	-16.0729	0.0525102	3.06586	0.254643	-0.988693	5.967	121.296	-18	-10000	0	4	1	A	0	18061	0	0.29505	-1	0	0	-10000	-200,-197,-197,-189,-188,-184,-178,-178,-176,-174,-168,-164,-163,-156,-154,-151,-146,-145,-135,-131,-129,-123,-121,-118,-113,-112,-104,-102,-94,-90,-89,-83,-80,-79,-72,-69,-61,-57,-51,-47,-45,-39,-35,-29,-28,-18,-14,-12,-6,-2,4,5,13,15,16,19,19,27,29,37,38,46,56,57,60,62,66,70,71,78,81,88,89,93,98,102,103,111,116,120,121,130,133,136,137,144,147,153,154,162,166,171,177,181,187,188,195,196,-796,-794,-785,-781,-773,-768,-763,-761,-752,-744,-743,-740,-734,-730,-727,-722,-718,-712,-710,-707,-701,-697,-695,-689,-685,-679,-677,-671,-668,-664	3746979	N\A	N\A	N\A	N\A	-200	200	-200	200	0.03	-5	0	0	-1	-10000	-10000	-10000	3	2000	1	N\A	-10000	30	0.570055	0	15.3229	N\A	-10000	92	MAP 1-2
P	0	9	0	-6.98672	-18.1294	0.272992	3.06479	0.346294	-1.04219	1.488	118.242	-146	-10000	0	4	1	A	0	18061	0	0.265549	-1	0	0	-10000	-197,-189,-187,-184,-178,-175,-173,-166,-162,-156,-156,-151,-146,-141,-141,-136,-134,-132,-124,-122,-113,-110,-108,-103,-101,-100,-91,-90,-82,-82,-80,-70,-68,-66,-61,-58,-56,-49,-47,-38,-38,-34,-32,-28,-25,-23,-17,-13,-7,-5,0,6,9,14,16,20,25,26,35,36,39,42,49,50,59,60,71,79,82,85,88,92,93,97,100,105,111,115,121,125,126,133,137,143,143,155,159,163,166,170,176,177,185,188,197,199,-455,-454,-451,-449,-445,-441,-440,-433,-430,-423,-422,-418,-413,-409,-408,-400,-395,-391,-390,-381,-378,-375,-374,-367,-364,-358,-357,-349,-345,-340,-334,-330	3747490	N\A	N\A	N\A	N\A	-200	200	-200	200	0.03	-5	0	0	-1	-10000	-10000	-10000	3	2000	1	N\A	-10000	11	1.27189	0	14.6225	N\A	-10000	92	MAP 1-2
P	0	10	0	-7.09752	-20.1379	0.372937	3.05075	0.382296	-1.07403	6.27	116.133	-67	-10000	0	4	1	A	0	18061	0	0.390987	-1	0	0	-10000	-200,-196,-195,-191,-188,-183,-177,-173,-167,-163,-162,-155,-151,-145,-145,-133,-129,-125,-122,-118,-112,-111,-103,-100,-91,-89,-83,-79,-77,-71,-67,-60,-56,-50,-47,-46,-38,-38,-34,-28,-28,-26,-17,-15,-13,-5,-3,4,5,14,17,20,26,28,30,36,38,39,50,58,61,68,71,73,79,83,89,89,94,100,104,105,112,119,122,133,137,145,147,149,154,155,163,167,171,174,175,178,184,188,196,198,-485,-477,-475,-472,-466,-463,-461,-454,-450,-444,-439,-434,-429,-424,-422,-420,-412,-410,-401,-398,-396,-391,-389,-388,-379,-378,-370,-368,-358,-356,-354,-349,-346,-344,-337,-335	3747778	N\A	N\A	N\A	N\A	-200	200	-200	200	0.03	-5	0	0	-1	-10000	-10000	-10000	3	2000	1	N\A	-10000	24	2.01399	0	12.3499	N\A	-10000	92	MAP 1-2
P	0	11	0	-7.22704	-23.4799	0.555752	3.03467	0.438746	-1.1236	6.252	115.491	-195	-10000	0	4	1	A	0	18061	0	0.688663	-1	0	0	-10000	-199,-197,-195,-188,-184,-174,-172,-166,-162,-156,-155,-145,-141,-139,-133,-129,-124,-122,-114,-112,-108,-106,-104,-100,-96,-93,-91,-89,-78,-71,-71,-68,-67,-60,-58,-58,-53,-49,-47,-39,-39,-34,-33,-29,-25,-24,-16,-15,-7,-5,5,9,16,19,26,28,31,38,46,50,56,59,61,67,71,78,79,83,85,89,92,94,98,100,104,110,111,120,126,126,133,134,137,143,152,153,155,159,164,166,173,176,187,192,196,-595,-591,-590,-586,-583,-578,-572,-568,-562,-558,-557,-550,-546,-540,-528,-524,-520,-517,-513,-507,-506,-498,-495,-486,-484,-478,-474,-472,-466,-462,-455,-451,-445	3748173	N\A	N\A	N\A	N\A	-200	200	-200	200	0.03	-5	0	0	-1	-10000	-10000	-10000	3	2000	1	N\A	-10000	83	3.3495	0	8.00388	N\A	-10000	92	MAP 1-2
P	0	12	0	-7.57306	-31.9367	0.833482	3.00248	0.50375	-1.21325	3.714	108.936	-8	-10000	0	4	1	A	0	18061	0	0.347277	-1	0	0	-10000	-200,-198,-189,-186,-180,-176,-175,-168,-165,-158,-157,-153,-147,-143,-142,-135,-135,-131,-125,-125,-115,-110,-108,-102,-99,-93,-91,-83,-81,-77,-69,-64,-60,-58,-48,-41,-40,-36,-31,-26,-25,-18,-15,-8,-8,2,7,8,15,19,24,26,36,40,42,48,52,57,59,66,69,78,81,86,90,92,99,102,109,110,114,119,123,125,131,136,141,142,153,157,159,164,169,174,175,184,185,190,197,-402,-397,-392,-391,-381,-377,-373,-369,-364,-359,-358,-350,-347,-344,-336,-331,-326,-314,-306,-303,-297,-293,-290,-285,-282,-275,-270,-265,-260,-259,-252,-249,-242,-241,-232,-227,-225,-219,-215	3748942	N\A	N\A	N\A	N\A	-200	200	-200	200	0.03	-5	0	0	-1	-10000	-10000	-10000	3	2000	1	N\A	-10000	147	2.32365	0	17.5034	N\A	-10000	92	MAP 1-2
P	0	13	0	-7.98609	-37.7356	0.991373	2.98506	0.510892	-1.25271	4.782	106.749	-195	-10000	0	4	1	A	0	18061	0	0.849514	-1	0	0	-10000	-198,-195,-193,-186,-182,-176,-173,-167,-164,-156,-153,-147,-143,-141,-135,-131,-124,-120,-114,-110,-108,-102,-97,-92,-90,-80,-77,-69,-64,-59,-58,-50,-47,-44,-36,-30,-26,-25,-21,-15,-6,-3,3,7,8,12,15,19,25,27,37,40,42,46,48,53,58,59,68,70,73,74,81,85,91,92,100,103,110,111,114,120,124,127,132,136,143,143,153,157,159,165,169,175,175,186,190,192,198,-414,-410,-408,-401,-398,-391,-390,-386,-381,-377,-375,-369,-364,-359,-358,-347,-343,-341,-336,-331,-326,-325,-316,-315,-310,-303,-299,-294,-293,-291,-284,-280,-276,-273,-270,-267,-260,-252,-246	3749442	N\A	N\A	N\A	N\A	-200	200	-200	200	0.03	-5	0	0	-1	-10000	-10000	-10000	3	2000	1	N\A	-10000	133	2.09694	0	14.8841	N\A	-10000	92	MAP 1-2
P	0	14	0	-8.1159	-39.7645	1.04532	2.98368	0.511909	-1.27138	7.311	105.978	-51	-10000	0	4	1	A	0	18061	0	0.980709	-1	0	0	-10000	-198,-197,-188,-186,-183,-182,-175,-171,-165,-164,-156,-153,-146,-145,-142,-136,-132,-129,-124,-120,-113,-113,-103,-99,-97,-91,-87,-81,-81,-70,-66,-64,-58,-51,-49,-47,-40,-39,-33,-32,-25,-22,-19,-16,-15,-12,-3,4,8,13,18,19,26,29,36,41,47,51,54,59,63,68,70,79,80,84,86,92,97,101,103,110,113,122,125,130,134,136,143,147,154,158,164,168,170,176,180,185,197,-454,-451,-449,-442,-438,-432,-429,-423,-420,-412,-409,-403,-399,-397,-391,-387,-380,-376,-370,-366,-364,-358,-353,-348,-346,-336,-333,-325,-320,-315,-314,-306,-303,-300,-292,-286,-282,-281,-277	3749698	N\A	N\A	N\A	N\A	-200	200	-200	200	0.03	-5	0	0	-1	-10000	-10000	-10000	3	2000	1	N\A	-10000	144	2.03376	0	14.5727	N\A	-10000	92	MAP 1-2
P	0	15	0	-8.31114	-43.8838	1.12272	2.97933	0.491913	-1.31384	6.825	101.442	-27	-10000	0	4	1	A	0	18061	0	0.323695	-1	0	0	-10000	-198,-195,-188,-176,-173,-171,-167,-165,-161,-156,-155,-145,-143,-140,-134,-132,-128,-122,-113,-110,-102,-93,-89,-86,-81,-77,-70,-66,-60,-56,-54,-48,-44,-38,-27,-23,-20,-15,-10,-6,5,6,10,11,18,21,23,28,32,36,40,47,51,55,57,61,62,69,79,90,94,95,97,102,104,108,112,122,123,127,135,140,144,147,153,157,165,168,174,177,180,186,190,196,197,-731,-728,-721,-716,-710,-706,-703,-698,-694,-689,-687,-678,-677,-673,-671,-665,-660,-656,-654,-647,-644,-635,-632,-627,-623,-621,-614,-610,-603,-599,-593,-589,-587,-581,-577,-572,-560,-556,-554,-548,-546,-539,-537	3750455	N\A	N\A	N\A	N\A	-200	200	-200	200	0.03	-5	0	0	-1	-10000	-10000	-10000	3	2000	1	N\A	-10000	151	2.75863	0	2.91266	N\A	-10000	92	MAP 1-2
P	0	16	0	-8.58181	-49.1348	1.18912	2.96829	0.468254	-1.3475	1.587	96.096	-47	-10000	0	4	1	A	0	18061	0	0.313408	-1	0	0	-10000	-198,-188,-183,-175,-174,-166,-165,-156,-156,-154,-145,-142,-140,-134,-132,-130,-124,-119,-113,-113,-103,-99,-97,-91,-89,-86,-81,-80,-70,-69,-66,-58,-53,-48,-47,-39,-36,-33,-28,-25,-16,-14,-4,4,18,18,26,29,36,51,59,61,68,68,71,79,84,91,92,94,101,102,110,114,121,122,123,125,132,134,134,137,143,154,164,166,168,176,178,185,185,187,196,198,-540,-536,-529,-518,-516,-514,-507,-504,-497,-486,-482,-480,-477,-474,-470,-465,-454,-452,-449,-441,-434,-432,-429,-424,-423,-413,-412,-409,-407,-399,-391,-387,-380,-375,-370,-366,-365,-358,-353,-349,-348,-340,-337,-334	3751298	N\A	N\A	N\A	N\A	-200	200	-200	200	0.03	-5	0	0	-1	-10000	-10000	-10000	3	2000	1	N\A	-10000	18	2.41906	0	16.7451	N\A	-10000	92	MAP 1-2
P	0	17	0	-8.68108	-51.1766	1.19156	2.96216	0.455058	-1.35543	6.255	95.652	-76	-10000	0	4	1	A	0	18061	0	0.202929	-1	0	0	-10000	-199,-197,-197,-194,-188,-177,-167,-165,-163,-155,-153,-146,-146,-144,-135,-133,-130,-124,-122,-119,-113,-111,-103,-100,-97,-92,-91,-86,-82,-80,-76,-71,-68,-61,-60,-56,-53,-48,-47,-40,-38,-34,-28,-28,-19,-15,-13,-11,-8,-5,4,5,14,15,20,27,37,38,46,49,57,61,67,70,72,79,83,89,89,100,103,104,111,116,121,131,132,136,142,145,147,154,156,164,166,170,173,174,177,181,186,187,197,-529,-519,-514,-506,-505,-497,-496,-487,-485,-476,-473,-471,-465,-463,-461,-455,-450,-444,-434,-430,-428,-422,-420,-417,-412,-411,-401,-400,-397,-389,-384,-379,-378,-370,-367	3751629	N\A	N\A	N\A	N\A	-200	200	-200	200	0.03	-5	0	0	-1	-10000	-10000	-10000	3	2000	1	N\A	-10000	89	2.04419	0	0.0283356	N\A	-10000	92	MAP 1-2
P	0	18	0	-8.75214	-52.3232	1.19829	2.959	0.444412	-1.35804	6.294	94.407	-129	-10000	0	4	1	A	0	18061	0	1.31071	-1	0	0	-10000	-199,-196,-188,-184,-178,-175,-173,-166,-162,-156,-156,-145,-142,-141,-134,-129,-124,-114,-113,-109,-103,-100,-98,-91,-89,-81,-79,-75,-72,-71,-68,-64,-59,-58,-48,-45,-41,-38,-35,-29,-25,-24,-20,-17,-12,-6,5,8,10,16,21,26,27,37,38,41,49,54,59,61,68,71,79,82,88,92,94,100,103,111,112,114,124,125,133,135,143,144,154,155,158,164,166,175,178,185,191,197,-444,-442,-439,-433,-422,-412,-410,-408,-400,-398,-391,-389,-380,-378,-375,-369,-367,-364,-358,-356,-348,-345,-342,-337,-336,-331,-327,-325,-321,-316,-313,-306,-305,-301,-298,-293,-292,-285,-283,-279	3751874	N\A	N\A	N\A	N\A	-200	200	-200	200	0.03	-5	0	0	-1	-10000	-10000	-10000	3	2000	1	N\A	-10000	49	1.14878	0	0.706665	N\A	-10000	92	MAP 1-2
P	0	19	0	-9.28358	-69.5687	1.96025	2.65763	-0.0236439	-0.975862	5.706	78.732	-6	-10000	0	4	1	A	0	18061	0	0.184807	-1	0	0	-10000	-200,-199,-195,-195,-187,-186,-177,-177,-172,-167,-166,-162,-162,-155,-154,-145,-145,-136,-135,-133,-124,-121,-121,-113,-112,-105,-103,-100,-92,-86,-81,-79,-77,-72,-70,-67,-60,-59,-53,-50,-49,-45,-39,-37,-28,-28,-17,-17,-12,-7,-6,-4,5,5,14,18,25,29,38,38,47,47,49,54,58,65,71,71,80,80,84,89,95,97,100,101,105,113,115,122,123,129,132,136,142,148,155,158,164,170,174,175,179,188,188,197,197,-412,-411,-406,-402,-399,-396,-395,-391,-387,-386,-381,-378,-372,-370,-365,-359,-353,-345,-344,-337,-336,-331,-327,-322,-316,-312,-311,-305,-304,-300,-295	3757261	N\A	N\A	N\A	N\A	-200	200	-200	200	0.03	-5	0	0	-1	-10000	-10000	-10000	3	2000	1	N\A	-10000	180	0.352758	0	24.9104	N\A	-10000	92	MAP 1-2
P	0	20	0	-9.21217	-73.0592	2.34401	2.69193	0.110792	-1.02605	1.59	78.624	-192	-10000	0	4	1	A	0	18061	0	0.297835	-1	0	0	-10000	-200,-197,-192,-184,-183,-176,-175,-173,-165,-165,-158,-154,-153,-150,-148,-143,-142,-139,-133,-133,-126,-122,-119,-117,-111,-109,-101,-99,-90,-87,-79,-76,-67,-67,-58,-58,-56,-48,-47,-44,-38,-37,-33,-33,-26,-25,-23,-15,-14,-10,-5,-4,-1,0,8,9,16,17,23,27,32,33,38,41,42,50,50,57,59,62,70,74,82,83,84,92,92,102,102,107,112,112,117,117,125,126,133,134,142,144,145,149,150,156,158,159,166,167,175,176,187,191,-838,-837,-833,-825,-824,-815,-810,-805,-804,-800,-793,-792,-783,-774,-773,-771,-762,-759,-751,-750,-743,-741,-738,-730,-724,-719	3757899	N\A	N\A	N\A	N\A	-200	200	-200	200	0.03	-5	0	0	-1	-10000	-10000	-10000	3	2000	1	N\A	-10000	47	3.51224	0	31.0943	N\A	-10000	92	MAP 1-2
P	0	21	0	-8.15491	-73.901	2.82014	2.60398	0.254652	-1.06878	6.603	81.867	-124	-10000	0	4	1	A	0	18061	0	1.3283	-1	0	0	-10000	-199,-192,-188,-184,-183,-175,-167,-166,-158,-156,-151,-146,-142,-141,-134,-133,-124,-113,-109,-101,-100,-92,-91,-84,-82,-75,-71,-68,-67,-61,-59,-58,-56,-49,-48,-38,-38,-34,-28,-26,-25,-18,-16,-15,-8,-7,-5,4,8,15,17,24,26,28,36,36,39,47,50,50,58,59,68,69,77,79,83,83,91,92,94,101,102,111,113,121,124,132,134,139,142,143,145,153,157,166,167,174,175,184,185,192,194,196,-650,-647,-642,-634,-633,-626,-625,-623,-615,-608,-604,-603,-600,-598,-593,-592,-589,-583,-576,-572,-569,-567,-561,-559,-551,-549,-540,-537,-529,-526,-517,-508,-506,-498	3758349	N\A	N\A	N\A	N\A	-200	200	-200	200	0.03	-5	0	0	-1	-10000	-10000	-10000	3	2000	1	N\A	-10000	25	1.43287	0	32.6526	N\A	-10000	92	MAP 1-2
P	0	22	0	-5.04478	-74.1526	2.87676	2.59031	0.296195	-1.07747	6.543	86.307	-140	-10000	0	4	1	A	0	18061	0	1.44547	-1	0	0	-10000	-199,-199,-189,-180,-178,-174,-166,-165,-158,-157,-154,-146,-140,-136,-135,-132,-124,-123,-115,-115,-108,-104,-99,-99,-91,-83,-82,-75,-72,-66,-61,-58,-57,-50,-49,-47,-42,-40,-37,-29,-24,-17,-16,-7,-7,2,3,10,13,18,18,26,35,35,43,46,48,51,56,59,60,67,68,70,75,77,80,88,90,93,101,101,108,110,113,120,120,125,133,134,143,143,146,151,152,158,163,166,168,176,185,185,190,195,195,199,-648,-641,-637,-633,-632,-624,-616,-615,-607,-605,-600,-595,-591,-590,-583,-582,-573,-562,-558,-550,-549,-541,-540,-533,-531,-524,-520,-517,-516,-510,-508,-507	3758798	N\A	N\A	N\A	N\A	-200	200	-200	200	0.03	-5	0	0	-1	-10000	-10000	-10000	3	2000	1	N\A	-10000	16	3.12081	0	34.7698	N\A	-10000	92	MAP 1-2
P	0	23	0	-0.238977	-74.4195	2.80028	2.61371	0.304236	-1.05382	6.459	89.325	-82	-10000	0	4	1	A	0	18061	0	0.330317	-1	0	0	-10000	-199,-199,-188,-188,-183,-177,-174,-174,-167,-166,-164,-156,-154,-150,-145,-141,-135,-133,-124,-123,-121,-116,-114,-112,-109,-108,-103,-100,-99,-92,-90,-82,-71,-65,-58,-57,-49,-49,-39,-33,-28,-25,-24,-16,-15,-7,-6,0,4,8,9,17,18,24,26,28,36,42,47,51,59,60,68,73,79,85,93,101,109,110,118,121,123,126,134,142,143,151,153,158,159,164,165,167,174,176,178,183,185,188,196,199,-774,-764,-755,-753,-749,-741,-740,-733,-732,-729,-721,-715,-711,-710,-707,-699,-698,-690,-683,-679,-674,-666,-658,-657,-650,-647,-641,-636,-633,-632,-625,-624,-622,-617,-615,-612	3759373	N\A	N\A	N\A	N\A	-200	200	-200	200	0.03	-5	0	0	-1	-10000	-10000	-10000	3	2000	1	N\A	-10000	58	4.81381	0	34.8262	N\A	-10000	92	MAP 1-2
P	0	24	0	3.16171	-74.6272	2.75551	2.63494	0.304777	-1.03006	6.654	93.42	-71	-10000	0	4	1	A	0	18061	0	1.13101	-1	0	0	-10000	-199,-198,-189,-183,-178,-174,-173,-166,-157,-156,-149,-146,-140,-135,-133,-133,-123,-122,-115,-114,-113,-103,-103,-99,-90,-90,-82,-82,-71,-65,-62,-57,-57,-49,-43,-39,-32,-29,-24,-24,-16,-15,-8,-6,1,3,8,14,18,26,27,35,37,43,46,51,59,60,68,76,78,84,89,92,93,101,109,111,118,120,126,131,134,142,144,151,152,159,163,167,176,177,184,185,192,195,-765,-754,-749,-743,-740,-733,-732,-730,-722,-720,-716,-711,-707,-701,-699,-690,-689,-687,-682,-680,-678,-675,-674,-669,-666,-665,-658,-656,-648,-637,-631,-624,-623,-615,-605,-599,-594,-591,-590,-582,-581,-573	3759939	N\A	N\A	N\A	N\A	-200	200	-200	200	0.03	-5	0	0	-1	-10000	-10000	-10000	3	2000	1	N\A	-10000	64	3.40731	0	15.5123	N\A	-10000	92	MAP 1-2
P	0	25	0	5.09531	-74.7247	2.70403	2.64886	0.303682	-1.01593	4.851	97.059	-7	-10000	0	4	1	A	0	18061	0	0.972038	-1	0	0	-10000	-198,-198,-191,-189,-185,-177,-173,-165,-165,-157,-156,-145,-141,-132,-131,-123,-114,-113,-108,-103,-99,-98,-90,-82,-81,-74,-71,-65,-60,-58,-57,-49,-48,-40,-39,-32,-28,-24,-15,-15,-7,-6,1,4,10,18,19,26,35,36,43,47,51,52,59,68,69,76,78,84,89,92,93,101,102,109,110,112,121,122,125,135,135,143,143,152,153,159,164,167,168,176,185,186,192,195,-423,-421,-415,-412,-407,-399,-398,-390,-382,-380,-374,-369,-366,-365,-357,-349,-347,-340,-338,-332,-327,-324,-316,-314,-307,-306,-299,-295,-291,-282,-281,-274,-273,-266,-263,-257,-249,-248,-240,-232,-230,-224	3760397	N\A	N\A	N\A	N\A	-200	200	-200	200	0.03	-5	0	0	-1	-10000	-10000	-10000	3	2000	1	N\A	-10000	9	0.823791	0	37.9651	N\A	-10000	92	MAP 1-2
P	0	26	0	5.55486	-74.7412	2.69892	2.64994	0.30447	-1.01122	8.865	100.344	-126	-10000	0	4	1	A	0	18061	0	1.3692	-1	0	0	-10000	-198,-192,-184,-183,-176,-167,-166,-159,-155,-151,-150,-143,-134,-133,-126,-124,-118,-113,-110,-109,-101,-100,-93,-92,-90,-81,-80,-77,-67,-67,-59,-59,-50,-49,-43,-38,-35,-34,-26,-17,-16,-10,-7,-2,-1,5,7,8,15,17,25,25,37,41,48,50,58,58,68,69,74,80,83,84,91,99,101,108,111,116,124,125,133,134,141,143,148,154,157,158,160,165,167,175,186,191,199,-400,-393,-391,-387,-379,-375,-367,-359,-358,-347,-343,-334,-333,-325,-316,-315,-310,-305,-301,-300,-292,-284,-283,-276,-273,-267,-262,-260,-259,-251,-250,-242,-241,-234,-230,-226,-217,-209,-208,-201,-625	3760599	N\A	N\A	N\A	N\A	-200	200	-200	200	0.03	-5	0	0	-1	-10000	-10000	-10000	3	2000	1	N\A	-10000	118	0.459877	0	38.6816	N\A	-10000	92	MAP 1-2
P	0	27	0	7.82707	-74.8516	2.6153	2.66881	0.294111	-0.987692	8.16	107.088	-23	-10000	0	4	1	A	0	18061	0	1.40955	-1	0	0	-10000	-199,-198,-192,-189,-187,-178,-177,-174,-173,-165,-165,-158,-156,-155,-145,-140,-132,-131,-124,-123,-115,-114,-107,-99,-98,-91,-82,-81,-74,-71,-66,-65,-58,-57,-48,-46,-41,-39,-37,-28,-24,-23,-15,-15,-7,-3,1,4,9,17,18,26,28,34,36,43,47,50,52,59,62,68,69,76,78,84,89,92,101,102,110,110,113,122,125,134,135,143,143,152,153,159,162,168,176,176,185,186,193,195,-433,-431,-423,-412,-407,-399,-398,-390,-382,-380,-374,-366,-365,-357,-349,-348,-340,-338,-332,-326,-324,-316,-315,-307,-306,-299,-294,-290,-282,-281,-274,-273,-266,-263,-257,-249,-248,-241	3761197	N\A	N\A	N\A	N\A	-200	200	-200	200	0.03	-5	0	0	-1	-10000	-10000	-10000	3	2000	1	N\A	-10000	2	1.2238	0	41.9386	N\A	-10000	92	MAP 1-2
P	0	28	0	12.0941	-75.0687	2.45717	2.70874	0.275506	-0.954253	4.386	111.804	-128	-10000	0	4	1	A	0	18061	0	0.666956	-1	0	0	-10000	-198,-195,-195,-187,-185,-178,-177,-170,-166,-162,-161,-154,-152,-145,-144,-137,-134,-128,-120,-119,-114,-111,-111,-102,-99,-96,-92,-91,-87,-86,-78,-78,-71,-69,-62,-54,-49,-45,-37,-35,-28,-27,-17,-12,-4,-2,6,6,14,15,22,30,31,39,47,48,55,63,64,69,72,80,81,88,89,97,101,105,113,115,122,130,132,138,147,148,155,164,165,172,175,180,181,188,197,198,-753,-752,-746,-743,-741,-732,-731,-728,-727,-719,-712,-710,-709,-699,-694,-686,-685,-678,-677,-669,-668,-661,-653,-652,-645,-636,-635,-628,-625,-620,-619,-612,-611,-602,-600,-595,-593,-591,-582,-578,-577,-569	3761751	N\A	N\A	N\A	N\A	-200	200	-200	200	0.03	-5	0	0	-1	-10000	-10000	-10000	3	2000	1	N\A	-10000	105	4.27548	0	42.6552	N\A	-10000	92	MAP 1-2
P	0	29	0	15.5875	-75.2052	2.27871	2.74007	0.257637	-0.922956	9.495	115.056	-36	-10000	0	4	1	A	0	18061	0	2.08463	-1	0	0	-10000	-199,-194,-193,-186,-177,-176,-169,-162,-156,-153,-152,-144,-143,-136,-135,-128,-124,-119,-111,-110,-102,-94,-92,-86,-78,-76,-69,-59,-52,-50,-44,-38,-36,-27,-26,-19,-18,-11,-6,-3,-2,6,7,12,15,16,25,26,31,35,39,40,48,49,56,58,64,67,72,73,81,82,89,91,98,106,111,114,122,124,131,132,139,142,147,148,156,157,164,165,173,175,181,189,190,198,-572,-569,-561,-559,-552,-551,-544,-540,-536,-535,-528,-526,-519,-518,-511,-508,-502,-494,-493,-488,-485,-476,-473,-470,-466,-465,-461,-460,-452,-445,-443,-436,-428,-423,-419,-411,-409,-402,-401,-391,-386,-378	3762125	N\A	N\A	N\A	N\A	-200	200	-200	200	0.03	-5	0	0	-1	-10000	-10000	-10000	3	2000	1	N\A	-10000	92	3.50066	0	42.377	N\A	-10000	92	MAP 1-2
P	0	30	0	17.6249	-75.2897	2.14597	2.75764	0.248063	-0.902912	11.394	121.401	-25	-10000	0	4	1	A	0	18061	0	1.08742	-1	0	0	-10000	-198,-197,-192,-188,-184,-183,-175,-174,-167,-165,-159,-156,-151,-150,-142,-141,-134,-132,-125,-117,-112,-109,-101,-99,-92,-91,-84,-81,-76,-75,-67,-66,-59,-58,-50,-48,-42,-34,-33,-25,-17,-15,-9,-7,-1,5,8,16,18,25,26,33,37,41,49,51,58,59,66,68,74,75,83,84,91,92,99,101,108,111,116,117,125,133,134,141,149,154,158,166,167,175,183,186,191,199,-422,-417,-416,-409,-400,-399,-392,-385,-379,-376,-375,-367,-366,-359,-358,-351,-347,-342,-334,-333,-325,-317,-315,-309,-301,-299,-292,-282,-275,-273,-267,-261,-259,-250,-249,-242,-241,-234,-229,-226,-225,-217	3762348	N\A	N\A	N\A	N\A	-200	200	-200	200	0.03	-5	0	0	-1	-10000	-10000	-10000	3	2000	1	N\A	-10000	11	2.04346	0	42.9809	N\A	-10000	92	MAP 1-2
P	0	31	0	21.6441	-75.5053	1.81876	2.80292	0.225769	-0.865995	13.947	124.632	-54	-10000	0	4	1	A	0	18061	0	3.85565	-1	0	0	-10000	-196,-194,-187,-179,-177,-171,-162,-161,-154,-146,-144,-137,-129,-124,-121,-112,-111,-104,-103,-96,-92,-88,-87,-79,-78,-71,-70,-62,-60,-54,-46,-44,-37,-28,-27,-20,-18,-18,-13,-4,-4,4,6,12,14,20,26,29,37,39,46,47,54,57,62,71,72,79,80,88,90,96,104,105,112,113,121,123,129,137,143,146,154,156,163,164,171,174,179,187,189,196,-743,-742,-737,-733,-729,-728,-720,-719,-712,-710,-704,-701,-696,-695,-687,-686,-679,-677,-670,-662,-657,-654,-646,-644,-637,-636,-629,-626,-621,-620,-612,-611,-604,-603,-595,-593,-587,-579,-578,-570,-562,-560,-554,-552,-546,-540	3762893	N\A	N\A	N\A	N\A	-200	200	-200	200	0.03	-5	0	0	-1	-10000	-10000	-10000	3	2000	1	N\A	-10000	29	4.03817	0	44.3727	N\A	-10000	92	MAP 1-2
P	0	32	0	23.7174	-75.5939	1.60226	2.83315	0.209195	-0.85722	8.379	129.888	-60	-10000	0	4	1	A	0	18061	0	1.44954	-1	0	0	-10000	-199,-194,-185,-184,-177,-176,-168,-166,-160,-152,-151,-144,-143,-135,-133,-127,-119,-113,-110,-102,-100,-93,-92,-85,-82,-77,-69,-67,-60,-52,-49,-44,-37,-35,-34,-27,-26,-18,-17,-15,-11,-8,-3,6,7,15,17,22,25,31,37,39,48,50,56,57,64,68,73,81,83,89,90,98,100,106,112,116,123,124,131,133,139,147,154,156,157,165,166,173,174,181,185,189,190,-452,-450,-443,-435,-433,-427,-418,-417,-410,-402,-400,-393,-385,-380,-377,-368,-367,-360,-359,-352,-348,-344,-343,-335,-334,-327,-326,-318,-316,-310,-302,-300,-293,-284,-283,-276,-274,-269,-260,-252,-250,-244,-242	3763149	N\A	N\A	N\A	N\A	-200	200	-200	200	0.03	-5	0	0	-1	-10000	-10000	-10000	3	2000	1	N\A	-10000	6	2.08645	0	43.7604	N\A	-10000	92	MAP 1-2
P	0	33	0	26.1283	-75.6347	1.3279	2.8704	0.190008	-0.856075	11.025	133.635	-14	-10000	0	4	1	A	0	18061	0	1.99879	-1	0	0	-10000	-197,-196,-189,-187,-181,-173,-166,-164,-163,-155,-154,-147,-146,-139,-135,-131,-130,-120,-113,-111,-105,-103,-97,-89,-87,-80,-72,-70,-64,-61,-55,-47,-39,-37,-30,-29,-22,-17,-14,-5,-4,3,4,11,14,20,28,30,36,37,45,47,53,61,63,70,78,80,86,95,100,103,111,113,120,121,128,132,136,145,146,153,154,161,164,170,178,179,186,187,195,197,-519,-514,-505,-504,-497,-496,-488,-486,-480,-472,-471,-464,-463,-455,-453,-447,-439,-433,-430,-422,-420,-413,-412,-405,-402,-397,-389,-387,-380,-372,-369,-364,-357,-355,-354,-347,-346,-338,-337,-335,-331,-328,-323,-314,-313,-305	3763469	N\A	N\A	N\A	N\A	-200	200	-200	200	0.03	-5	0	0	-1	-10000	-10000	-10000	3	2000	1	N\A	-10000	46	2.42689	0	44.1605	N\A	-10000	92	MAP 1-2
P	0	34	0	28.8922	-75.6562	0.944593	2.91518	0.16213	-0.852765	17.817	140.475	-36	-10000	0	4	1	A	0	18061	0	4.34041	-1	0	0	-10000	-200,-195,-186,-178,-176,-170,-161,-156,-153,-144,-143,-136,-135,-128,-125,-120,-119,-111,-110,-103,-95,-92,-86,-78,-77,-70,-61,-59,-53,-45,-39,-36,-28,-26,-20,-18,-11,-8,-3,5,7,14,22,25,30,39,40,47,55,57,64,66,72,80,89,91,96,98,100,110,114,114,122,124,129,131,142,147,155,157,164,164,172,174,180,188,190,197,-603,-602,-595,-593,-587,-579,-572,-570,-569,-561,-560,-553,-552,-545,-541,-537,-536,-526,-519,-517,-511,-509,-503,-495,-493,-486,-478,-476,-470,-467,-461,-453,-445,-443,-436,-435,-428,-423,-420,-411,-410,-403,-402,-395,-392,-386,-378,-376,-370,-369	3763875	N\A	N\A	N\A	N\A	-200	200	-200	200	0.03	-5	0	0	-1	-10000	-10000	-10000	3	2000	1	N\A	-10000	22	2.7904	0	44.2438	N\A	-10000	92	MAP 1-2
P	0	35	0	30.837	-75.7229	0.778358	2.94409	0.136048	-0.843065	17.817	142.212	-181	-10000	0	4	1	A	0	18061	0	4.85755	-1	0	0	-10000	-198,-190,-188,-181,-179,-173,-165,-156,-154,-149,-147,-145,-135,-131,-131,-123,-121,-116,-114,-103,-98,-90,-88,-81,-81,-73,-71,-65,-57,-55,-48,-40,-38,-32,-23,-15,-7,-5,2,3,10,14,18,27,29,35,36,44,46,52,60,62,69,77,79,85,88,93,102,110,112,118,127,132,135,143,145,152,153,160,163,168,177,178,185,186,193,196,-445,-440,-431,-423,-421,-415,-406,-401,-398,-389,-388,-381,-380,-373,-370,-365,-364,-356,-355,-348,-340,-337,-331,-323,-322,-315,-306,-304,-298,-290,-284,-281,-273,-271,-265,-263,-256,-253,-248,-240,-238,-231,-223,-220,-215,-206,-205,-848,-847,-840	3764120	N\A	N\A	N\A	N\A	-200	200	-200	200	0.03	-5	0	0	-1	-10000	-10000	-10000	3	2000	1	N\A	-10000	145	1.95301	0	44.1658	N\A	-10000	92	MAP 1-2
P	0	36	0	37.1279	-76.0246	1.01689	3.03381	0.0445402	-0.803773	8.322	149.574	-166	-10000	0	4	1	A	0	18061	0	1.24524	-1	0	0	-10000	-199,-199,-194,-189,-179,-177,-176,-166,-159,-157,-152,-148,-143,-140,-137,-133,-126,-126,-123,-118,-116,-110,-101,-100,-93,-82,-82,-76,-73,-68,-60,-52,-49,-43,-42,-35,-30,-26,-18,-16,-10,-9,-1,2,7,15,17,24,32,34,40,43,48,57,65,67,74,82,88,90,99,101,107,108,115,119,123,124,132,134,140,141,149,151,157,165,167,174,182,184,190,198,-776,-768,-766,-759,-757,-751,-743,-734,-732,-727,-725,-723,-713,-709,-701,-699,-694,-692,-681,-676,-668,-666,-659,-651,-649,-643,-635,-633,-626,-618,-616,-610,-601,-593,-585,-583,-576,-575,-568,-564,-560,-551,-549,-543,-542,-534	3764698	N\A	N\A	N\A	N\A	-200	200	-200	200	0.03	-5	0	0	-1	-10000	-10000	-10000	3	2000	1	N\A	-10000	15	6.30265	0	16.4062	N\A	-10000	92	MAP 1-2
P	0	37	0	40.8538	-76.2879	1.56726	3.07821	0.000766391	-0.779647	17.496	154.464	-61	-10000	0	4	1	A	0	18061	0	3.46969	-1	0	0	-10000	-199,-195,-186,-184,-178,-177,-170,-167,-162,-153,-151,-145,-144,-136,-134,-128,-125,-119,-111,-103,-101,-95,-87,-78,-70,-68,-61,-60,-53,-50,-45,-36,-35,-28,-27,-20,-17,-11,-3,-2,5,13,16,22,30,38,39,47,49,55,57,63,68,72,80,82,88,89,97,100,105,113,115,122,130,133,138,141,147,155,163,166,172,180,188,197,199,-420,-418,-411,-403,-401,-395,-392,-387,-378,-370,-368,-361,-353,-347,-345,-336,-334,-328,-327,-320,-316,-312,-311,-303,-301,-295,-294,-286,-284,-278,-270,-268,-261,-253,-251,-245,-237,-228,-220,-218,-211,-210,-203,-634,-629,-624,-614,-612,-611,-601,-594	3765133	N\A	N\A	N\A	N\A	-200	200	-200	200	0.03	-5	0	0	-1	-10000	-10000	-10000	3	2000	1	N\A	-10000	40	1.82015	0	42.7043	N\A	-10000	92	MAP 1-2
P	0	38	0	42.6255	-76.4107	2.15022	3.09539	-0.0233217	-0.77057	18.15	155.589	-14	-10000	0	4	1	A	0	18061	0	4.94619	-1	0	0	-10000	-197,-189,-186,-180,-172,-164,-163,-155,-153,-147,-145,-139,-134,-130,-122,-120,-114,-113,-105,-102,-97,-89,-87,-80,-72,-69,-64,-61,-55,-47,-39,-36,-30,-22,-14,-5,-3,3,4,11,15,20,28,30,36,37,46,48,53,61,63,69,70,78,80,87,103,103,112,114,120,122,127,133,136,136,144,147,153,154,161,165,169,178,180,186,187,194,197,-401,-397,-388,-386,-380,-379,-372,-369,-364,-355,-353,-347,-346,-338,-336,-330,-327,-321,-313,-305,-303,-297,-289,-280,-272,-270,-263,-262,-255,-252,-247,-238,-237,-230,-229,-222,-219,-213,-205,-204,-622,-620,-613,-605,-603,-597,-594,-589,-580	3765335	N\A	N\A	N\A	N\A	-200	200	-200	200	0.03	-5	0	0	-1	-10000	-10000	-10000	3	2000	1	N\A	-10000	47	1.86909	0	42.3126	N\A	-10000	92	MAP 1-2
P	0	39	0	46.1772	-76.7034	3.2105	3.11605	-0.0747879	-0.742897	10.419	163.275	-7	-10000	0	4	1	A	0	18061	0	1.35561	-1	0	0	-10000	-198,-197,-187,-186,-182,-173,-171,-164,-164,-156,-154,-148,-140,-132,-131,-123,-121,-115,-107,-99,-98,-90,-88,-81,-73,-70,-65,-57,-54,-48,-47,-40,-37,-31,-28,-23,-15,-7,-4,2,10,19,22,27,29,35,36,43,48,52,60,62,69,72,77,80,84,85,88,93,96,102,110,113,118,127,135,143,146,152,160,168,177,179,185,186,193,197,-453,-448,-440,-438,-432,-431,-423,-421,-414,-398,-389,-387,-381,-379,-374,-368,-365,-357,-354,-348,-347,-340,-336,-332,-323,-321,-315,-314,-307,-304,-298,-295,-290,-281,-273,-271,-265,-257,-248,-240,-238,-231,-230,-223,-219,-215,-207,-204,-698,-690	3765836	N\A	N\A	N\A	N\A	-200	200	-200	200	0.03	-5	0	0	-1	-10000	-10000	-10000	3	2000	1	N\A	-10000	4	1.46263	0	3.78386	N\A	-10000	92	MAP 1-2
P	0	40	0	47.0719	-76.7611	2.01115	3.09315	-0.0631449	-0.696708	22.74	166.845	-44	-10000	0	4	1	A	0	18061	0	5.3524	-1	0	0	-10000	-198,-194,-185,-183,-177,-176,-169,-165,-161,-160,-152,-144,-143,-135,-132,-127,-119,-110,-102,-99,-94,-86,-77,-69,-66,-60,-59,-52,-48,-44,-35,-33,-27,-26,-19,-15,-12,-10,-2,6,7,14,18,23,31,40,48,51,56,58,65,70,73,81,84,90,98,101,106,115,122,123,131,134,139,156,156,164,167,170,173,184,189,190,192,198,-502,-493,-490,-485,-483,-477,-476,-469,-464,-460,-452,-450,-443,-440,-435,-432,-428,-427,-424,-419,-416,-410,-402,-399,-394,-385,-377,-369,-366,-360,-352,-344,-335,-333,-327,-326,-319,-315,-311,-310,-302,-300,-294,-293,-285,-282,-277,-269,-260,-252,-249,-244	3766348	N\A	N\A	N\A	N\A	-200	200	-200	200	0.03	-5	0	0	-1	-10000	-10000	-10000	3	2000	1	N\A	-10000	25	0.961365	0	39.5348	N\A	-10000	92	MAP 1-2
P	0	41	0	47.0827	-74.3899	1.06824	2.88508	-0.075705	-0.545285	24.48	176.571	-12	-10000	0	4	1	A	0	18061	0	5.26531	-1	0	0	-10000	-196,-195,-184,-179,-166,-162,-151,-146,-144,-133,-129,-118,-112,-111,-100,-96,-92,-79,-67,-62,-46,-45,-34,-29,-27,-16,-12,-1,4,5,17,21,38,50,53,54,71,83,88,101,104,105,116,121,122,133,138,149,154,155,167,170,171,188,199,-412,-411,-400,-396,-395,-384,-379,-378,-367,-363,-362,-359,-346,-345,-334,-329,-312,-301,-296,-294,-283,-279,-268,-262,-261,-250,-246,-229,-228,-217,-212,-634,-629,-625,-612,-611,-604,-600,-596,-582,-579,-568,-562,-560,-549,-546,-545,-534,-529,-528,-517,-512,-496,-495,-484,-479,-462,-451,-446,-432,-429,-418	3768449	N\A	N\A	N\A	N\A	-200	200	-200	200	0.03	-5	0	0	-1	-10000	-10000	-10000	3	2000	1	N\A	-10000	5	1.5678	0	31.1653	N\A	-10000	92	MAP 1-2
P	0	42	0	47.3206	-71.0435	1.08506	2.83495	-0.0935904	-0.512999	30.825	177.237	-7	-10000	0	4	1	A	0	18061	0	7.43974	-1	0	0	-10000	-195,-190,-177,-174,-173,-162,-157,-156,-145,-140,-129,-124,-123,-111,-108,-107,-90,-79,-74,-57,-46,-40,-27,-24,-23,-12,-7,-6,5,9,10,26,27,38,42,43,60,71,76,90,93,105,110,111,122,126,138,143,144,155,159,160,176,177,188,193,-474,-473,-462,-457,-444,-440,-429,-424,-422,-411,-407,-396,-390,-389,-378,-374,-370,-357,-345,-340,-324,-323,-312,-307,-305,-294,-290,-279,-274,-273,-261,-257,-240,-228,-225,-224,-207,-690,-689,-678,-674,-673,-662,-657,-656,-645,-641,-640,-637,-624,-623,-612,-607,-590,-579,-574,-572,-561,-557,-546,-540,-539,-528,-524,-507,-506,-495,-490	3768727	N\A	N\A	N\A	N\A	-200	200	-200	200	0.03	-5	0	0	-1	-10000	-10000	-10000	3	2000	1	N\A	-10000	5	3.35482	0	30.0065	N\A	-10000	92	MAP 1-2
P	0	43	0	47.5594	-67.9302	0.92969	2.84366	-0.0802471	-0.503681	40.35	176.466	-11	-10000	0	4	1	A	0	18061	0	9.86264	-1	0	0	-10000	-199,-195,-183,-178,-177,-166,-162,-161,-145,-144,-133,-128,-111,-100,-95,-82,-78,-67,-61,-60,-49,-45,-28,-16,-12,-11,5,17,22,36,39,50,55,57,68,72,83,89,101,105,122,134,138,155,167,172,185,188,189,-516,-511,-498,-495,-494,-483,-478,-477,-466,-461,-450,-445,-444,-432,-429,-428,-411,-400,-395,-378,-367,-361,-348,-345,-344,-333,-328,-327,-316,-312,-311,-295,-294,-283,-279,-278,-261,-250,-245,-231,-228,-216,-211,-210,-795,-794,-783,-778,-765,-761,-750,-745,-743,-732,-728,-717,-711,-710,-699,-695,-691,-678,-666,-661,-645,-644,-633,-628,-626,-615,-611,-600,-595,-594,-582,-578,-561,-549,-546	3769048	N\A	N\A	N\A	N\A	-200	200	-200	200	0.03	-5	0	0	-1	-10000	-10000	-10000	3	2000	1	N\A	-10000	4	3.12631	0	30.5256	N\A	-10000	92	MAP 1-2
P	0	44	0	47.5983	-67.2535	0.844206	2.85531	-0.0736833	-0.509243	50.079	175.575	-19	-10000	0	4	1	A	0	18061	0	12.357	-1	0	0	-10000	-186,-174,-169,-156,-153,-152,-141,-136,-135,-123,-119,-103,-102,-90,-87,-86,-69,-57,-53,-36,-24,-19,-18,-7,-3,9,14,15,26,30,31,47,48,60,63,64,81,92,97,111,114,126,131,132,143,147,164,165,176,180,181,197,198,-540,-536,-524,-519,-518,-507,-503,-502,-486,-485,-474,-469,-452,-441,-436,-423,-419,-408,-402,-401,-390,-386,-369,-357,-353,-352,-336,-324,-319,-305,-302,-291,-286,-284,-273,-269,-258,-252,-240,-236,-219,-207,-203,-857,-852,-839,-836,-835,-824,-819,-818,-807,-802,-791,-786,-785,-773,-770,-769,-752,-741,-736,-719,-708,-702,-689,-686,-685,-674,-669,-668,-657,-653,-652,-636	3769389	N\A	N\A	N\A	N\A	-200	200	-200	200	0.03	-5	0	0	-1	-10000	-10000	-10000	3	2000	1	N\A	-10000	8	0.6832	0	29.3676	N\A	-10000	92	MAP 1-2
P	0	45	0	47.1715	-74.3677	1.17369	2.88268	-0.110758	-0.538169	61.293	175.908	-105	-10000	0	4	1	A	0	18061	0	16.9338	-1	0	0	-10000	-196,-194,-189,-188,-176,-172,-155,-143,-139,-122,-110,-105,-92,-89,-77,-72,-71,-59,-56,-56,-39,-38,-26,-23,-5,1,7,27,28,37,40,44,46,52,58,60,61,71,73,78,79,85,90,94,101,111,123,127,144,145,157,161,169,174,177,178,187,190,194,195,-389,-377,-372,-359,-355,-344,-339,-338,-326,-323,-322,-313,-305,-293,-289,-272,-260,-255,-239,-227,-222,-221,-209,-206,-205,-922,-910,-905,-892,-889,-888,-877,-872,-871,-859,-855,-839,-838,-826,-823,-822,-805,-793,-789,-772,-760,-755,-754,-743,-739,-727,-722,-721,-710,-706,-705,-689,-688,-676,-673,-672,-655,-644,-639,-625,-622,-610,-605	3770125	N\A	N\A	N\A	N\A	-200	200	-200	200	0.03	-5	0	0	-1	-10000	-10000	-10000	3	2000	1	N\A	-10000	74	1.47077	0	28.7393	N\A	-10000	92	MAP 1-2
P	0	46	0	47.806	-67.1884	0.708557	2.80797	-0.110374	-0.499187	6.888	170.646	-120	-10000	0	4	1	A	0	18061	0	1.87452	-1	0	0	-10000	-195,-187,-186,-174,-171,-170,-162,-154,-153,-141,-137,-129,-123,-120,-112,-110,-108,-104,-102,-95,-90,-87,-86,-77,-69,-69,-66,-57,-54,-45,-37,-36,-24,-20,-12,-3,5,9,13,27,29,30,31,37,42,46,48,50,60,63,63,70,79,81,93,96,104,113,114,121,126,130,138,146,147,155,157,159,163,165,171,177,179,180,188,196,197,-760,-758,-753,-752,-740,-736,-719,-707,-703,-686,-674,-669,-656,-653,-641,-636,-635,-623,-620,-603,-602,-590,-587,-569,-563,-557,-537,-536,-527,-524,-520,-518,-512,-506,-504,-503,-493,-491,-486,-485,-479,-474,-470,-463,-453,-441,-437,-420,-419,-407,-403	3770689	N\A	N\A	N\A	N\A	-200	200	-200	200	0.03	-5	0	0	-1	-10000	-10000	-10000	3	2000	1	N\A	-10000	15	7.22231	0	26.2285	N\A	-10000	92	MAP 1-2
P	0	47	0	48.1114	-63.4608	0.379077	2.83365	-0.0846946	-0.499093	9.921	169.713	-9	-10000	0	4	1	A	0	18061	0	1.09989	-1	0	0	-10000	-200,-196,-192,-178,-176,-175,-174,-168,-163,-159,-157,-155,-145,-142,-142,-135,-126,-124,-112,-109,-101,-92,-91,-84,-79,-75,-67,-59,-58,-50,-48,-46,-42,-40,-34,-28,-26,-25,-17,-9,-8,-1,5,8,16,25,26,33,38,41,42,58,59,66,68,71,74,82,89,91,92,100,101,103,108,110,116,122,125,133,142,150,154,158,166,175,183,188,191,197,-400,-392,-391,-379,-376,-375,-367,-359,-358,-346,-342,-334,-328,-325,-317,-315,-313,-309,-307,-300,-295,-292,-291,-282,-274,-271,-262,-259,-250,-242,-241,-229,-225,-217,-208,-965,-963,-958,-957,-945,-941,-924,-912,-908,-891,-879,-874,-861	3770894	N\A	N\A	N\A	N\A	-200	200	-200	200	0.03	-5	0	0	-1	-10000	-10000	-10000	3	2000	1	N\A	-10000	111	3.75457	0	25.1321	N\A	-10000	92	MAP 1-2
P	0	48	0	48.4065	-59.7091	-0.00467734	2.87327	-0.0569424	-0.501596	9.921	167.76	-132	-10000	0	4	1	A	0	18061	0	2.60296	-1	0	0	-10000	-199,-197,-191,-185,-182,-174,-165,-157,-153,-149,-141,-132,-124,-119,-116,-110,-101,-100,-99,-89,-86,-83,-80,-68,-66,-65,-57,-56,-49,-48,-36,-33,-32,-24,-16,-15,-3,1,9,17,18,26,31,34,42,48,51,59,61,67,69,75,81,84,92,101,102,109,114,117,118,126,134,135,142,147,151,159,167,168,176,178,181,184,186,192,198,-507,-503,-499,-485,-483,-482,-481,-475,-470,-466,-464,-462,-452,-449,-442,-433,-431,-419,-416,-408,-399,-398,-391,-386,-382,-374,-366,-365,-357,-355,-353,-349,-347,-341,-335,-333,-332,-324,-316,-315,-308,-302,-299,-291,-282,-281,-274,-269,-266,-265,-249	3771201	N\A	N\A	N\A	N\A	-200	200	-200	200	0.03	-5	0	0	-1	-10000	-10000	-10000	3	2000	1	N\A	-10000	122	3.78284	0	24.9965	N\A	-10000	92	MAP 1-2
P	0	49	0	48.5728	-57.1355	-0.196997	2.9004	-0.0391422	-0.500097	11.724	167.244	-45	-10000	0	4	1	A	0	18061	0	1.95271	-1	0	0	-10000	-198,-195,-187,-185,-179,-177,-171,-165,-162,-154,-145,-144,-137,-132,-129,-128,-120,-112,-111,-104,-99,-95,-87,-79,-78,-70,-68,-65,-62,-60,-54,-48,-45,-37,-29,-27,-20,-15,-12,-3,5,6,13,18,21,22,29,38,39,47,49,51,54,63,71,72,80,84,88,90,96,102,105,113,121,122,130,135,138,146,155,163,168,171,180,188,189,196,198,-445,-443,-437,-431,-428,-420,-411,-403,-399,-395,-387,-378,-370,-365,-362,-356,-347,-346,-345,-335,-332,-329,-326,-314,-312,-311,-303,-302,-295,-294,-282,-279,-278,-270,-262,-261,-249,-245,-237,-229,-228,-220,-215,-212,-204,-753,-749,-745,-731	3771447	N\A	N\A	N\A	N\A	-200	200	-200	200	0.03	-5	0	0	-1	-10000	-10000	-10000	3	2000	1	N\A	-10000	87	2.58613	0	23.5312	N\A	-10000	92	MAP 1-2
P	0	50	0	48.894	-52.2245	-0.393415	2.92053	-0.0271619	-0.500407	7.536	158.25	-112	-10000	0	4	1	A	0	18061	0	0.481615	-1	0	0	-10000	-195,-195,-187,-185,-182,-178,-177,-175,-164,-163,-162,-154,-146,-144,-137,-132,-129,-121,-112,-111,-103,-99,-95,-89,-80,-78,-71,-69,-66,-62,-60,-55,-46,-45,-38,-29,-27,-15,-12,-4,4,6,12,18,22,29,37,39,46,48,51,54,62,71,72,79,81,88,90,96,104,105,113,121,122,129,135,138,146,154,155,163,168,171,179,188,196,198,-463,-461,-454,-452,-449,-446,-444,-443,-437,-431,-428,-421,-412,-411,-404,-398,-395,-388,-379,-378,-370,-365,-362,-354,-346,-345,-337,-335,-332,-329,-327,-321,-312,-304,-295,-294,-281,-280,-279,-274,-270,-262,-261,-248,-246,-242,-238,-229,-228,-221	3772247	N\A	N\A	N\A	N\A	-200	200	-200	200	0.03	-5	0	0	-1	-10000	-10000	-10000	3	2000	1	N\A	-10000	66	1.13917	0	21.2868	N\A	-10000	92	MAP 1-2
P	0	51	0	48.9578	-50.5352	-0.410352	2.92666	-0.0276009	-0.511895	9.786	155.583	-186	-10000	0	4	1	A	0	18061	0	1.7037	-1	0	0	-10000	-195,-186,-178,-176,-173,-170,-162,-154,-152,-136,-135,-122,-120,-119,-111,-103,-102,-89,-87,-78,-70,-69,-61,-59,-56,-53,-45,-36,-28,-26,-20,-18,-11,-3,5,14,15,22,28,30,39,47,48,55,61,64,72,80,81,88,91,94,97,105,113,114,122,130,132,138,147,155,164,165,172,178,180,188,196,198,-569,-561,-559,-556,-552,-551,-549,-538,-537,-536,-528,-520,-518,-511,-506,-503,-495,-486,-485,-477,-473,-469,-463,-454,-452,-445,-443,-440,-436,-434,-429,-420,-419,-412,-403,-401,-389,-386,-378,-370,-368,-362,-356,-352,-345,-337,-335,-328,-326,-323,-320,-312,-303,-302,-295,-293,-286,-284	3772621	N\A	N\A	N\A	N\A	-200	200	-200	200	0.03	-5	0	0	-1	-10000	-10000	-10000	3	2000	1	N\A	-10000	42	1.69065	0	21.5233	N\A	-10000	92	MAP 1-2
P	0	52	0	49.1248	-47.6438	-0.4648	2.94622	-0.0282181	-0.534527	7.158	150.708	-15	-10000	0	4	1	A	0	18061	0	1.90285	-1	0	0	-10000	-198,-197,-190,-181,-180,-173,-165,-164,-156,-148,-147,-140,-133,-132,-123,-115,-114,-106,-104,-100,-98,-90,-81,-73,-68,-65,-62,-56,-48,-47,-40,-31,-30,-23,-15,-6,2,3,10,17,18,27,36,36,44,46,49,51,56,60,69,69,77,86,87,93,102,110,119,120,127,135,136,143,152,153,160,166,169,177,185,186,193,196,199,-400,-398,-390,-382,-380,-367,-365,-359,-349,-347,-340,-337,-332,-329,-324,-315,-314,-306,-298,-296,-290,-283,-282,-281,-273,-264,-256,-250,-248,-240,-231,-230,-223,-221,-217,-215,-207,-773,-764,-756,-754,-751,-748,-740,-732,-730,-714,-713,-700,-698,-697,-689,-681	3773199	N\A	N\A	N\A	N\A	-200	200	-200	200	0.03	-5	0	0	-1	-10000	-10000	-10000	3	2000	1	N\A	-10000	178	0.889166	0	19.9158	N\A	-10000	92	MAP 1-2
P	0	53	0	49.2533	-45.7878	-0.449744	2.9541	-0.029147	-0.544632	7.176	147.33	-183	-10000	0	4	1	A	0	18061	0	1.8673	-1	0	0	-10000	-200,-198,-192,-184,-183,-175,-167,-166,-157,-155,-152,-149,-146,-142,-132,-132,-125,-119,-117,-114,-113,-109,-99,-99,-93,-84,-82,-75,-67,-66,-59,-51,-49,-41,-35,-33,-25,-17,-16,-14,-6,-2,-1,9,17,18,24,33,35,39,50,51,58,67,68,74,82,84,91,100,101,109,115,117,125,133,134,143,144,152,158,166,167,174,184,185,191,-783,-782,-775,-766,-765,-758,-750,-749,-741,-733,-732,-725,-718,-717,-708,-700,-699,-691,-689,-685,-683,-675,-666,-658,-653,-650,-647,-641,-633,-632,-625,-616,-615,-608,-600,-591,-583,-582,-575,-568,-567,-558,-549,-541,-539,-536,-534,-529,-525,-516,-508	3773784	N\A	N\A	N\A	N\A	-200	200	-200	200	0.03	-5	0	0	-1	-10000	-10000	-10000	3	2000	1	N\A	-10000	168	1.8605	0	19.1752	N\A	-10000	92	MAP 1-2
P	0	54	0	49.4005	-42.8508	-0.503446	2.98396	-0.0171986	-0.55068	8.973	146.847	-16	-10000	0	4	1	A	0	18061	0	1.76266	-1	0	0	-10000	-200,-198,-190,-184,-183,-174,-166,-165,-158,-155,-151,-149,-141,-132,-124,-116,-114,-108,-100,-99,-91,-83,-81,-74,-66,-58,-49,-48,-41,-34,-33,-24,-16,-15,-8,-5,1,3,9,17,18,26,34,35,42,51,59,67,69,76,83,84,92,101,109,112,115,117,126,134,135,142,153,154,156,168,168,174,177,183,185,187,-399,-398,-392,-383,-381,-377,-366,-365,-358,-349,-348,-342,-334,-332,-325,-316,-315,-307,-301,-299,-291,-283,-282,-273,-272,-264,-258,-250,-249,-242,-232,-231,-225,-216,-208,-616,-614,-608,-600,-599,-591,-583,-582,-573,-571,-568,-565,-562,-558,-548,-541,-535,-533,-530,-529,-525	3774200	N\A	N\A	N\A	N\A	-200	200	-200	200	0.03	-5	0	0	-1	-10000	-10000	-10000	3	2000	1	N\A	-10000	54	1.67205	0	17.644	N\A	-10000	92	MAP 1-2
P	0	55	0	49.5699	-39.5282	-0.646732	3.01332	-0.0107365	-0.556083	7.44	145.344	-10	-10000	0	4	1	A	0	18061	0	0.467602	-1	0	0	-10000	-198,-194,-193,-184,-176,-174,-166,-159,-154,-143,-142,-135,-125,-122,-109,-109,-102,-93,-92,-89,-83,-77,-77,-72,-69,-61,-59,-51,-49,-45,-43,-35,-27,-26,-18,-10,-8,-2,6,7,15,24,25,31,39,40,48,57,58,66,68,72,74,82,90,91,99,105,106,115,123,124,132,141,142,149,157,165,173,175,182,190,198,-627,-625,-617,-611,-610,-601,-593,-592,-585,-582,-578,-576,-568,-559,-551,-543,-541,-535,-527,-526,-518,-510,-508,-501,-493,-485,-476,-475,-468,-461,-460,-451,-443,-442,-435,-432,-426,-424,-418,-410,-409,-401,-393,-392,-385,-376,-368,-360,-358,-351,-344,-343,-335,-326,-318	3774627	N\A	N\A	N\A	N\A	-200	200	-200	200	0.03	-5	0	0	-1	-10000	-10000	-10000	3	2000	1	N\A	-10000	6	3.33006	0	17.3877	N\A	-10000	92	MAP 1-2
P	0	56	0	49.8625	-35.3056	-0.802843	3.05996	-0.0145099	-0.560986	5.634	149.187	-145	-10000	0	4	1	A	0	18061	0	0.524931	-1	0	0	-10000	-196,-195,-187,-178,-170,-162,-161,-154,-145,-143,-137,-129,-128,-120,-112,-112,-96,-96,-88,-78,-78,-70,-67,-63,-62,-54,-45,-45,-37,-28,-26,-14,-12,-5,-3,6,6,9,20,21,31,39,47,50,54,57,62,70,72,80,88,91,97,105,105,113,122,123,129,138,139,146,155,156,163,171,179,188,189,197,199,-750,-746,-745,-736,-728,-726,-718,-711,-706,-695,-694,-687,-677,-674,-661,-654,-645,-644,-641,-635,-629,-624,-621,-613,-611,-603,-601,-597,-595,-587,-579,-578,-570,-562,-560,-554,-546,-545,-537,-528,-527,-521,-513,-512,-504,-495,-494,-486,-484,-480,-478,-470,-462,-461,-453,-447,-446	3775179	N\A	N\A	N\A	N\A	-200	200	-200	200	0.03	-5	0	0	-1	-10000	-10000	-10000	3	2000	1	N\A	-10000	53	4.23562	0	17.018	N\A	-10000	92	MAP 1-2
P	0	57	0	49.9599	-33.8796	-0.85715	3.07404	-0.0157622	-0.557803	6.051	149.187	-173	-10000	0	4	1	A	0	18061	0	1.09159	-1	0	0	-10000	-198,-198,-195,-184,-183,-173,-165,-157,-154,-150,-147,-142,-134,-132,-124,-116,-113,-107,-99,-99,-91,-82,-81,-75,-66,-65,-58,-49,-48,-41,-33,-25,-16,-15,-7,-5,-1,1,9,17,18,26,34,42,50,51,59,67,69,75,84,92,101,102,109,112,117,125,135,135,149,150,155,168,168,177,184,186,188,-400,-399,-391,-382,-374,-366,-365,-358,-349,-347,-341,-333,-332,-324,-316,-300,-292,-282,-274,-271,-267,-266,-258,-249,-241,-232,-230,-218,-216,-209,-207,-954,-950,-949,-940,-932,-930,-922,-915,-910,-899,-898,-891,-881,-878,-865,-858,-849,-848,-845,-839,-833,-828,-825,-817,-815,-807,-805,-801	3775383	N\A	N\A	N\A	N\A	-200	200	-200	200	0.03	-5	0	0	-1	-10000	-10000	-10000	3	2000	1	N\A	-10000	30	1.43033	0	13.0098	N\A	-10000	92	MAP 1-2
P	0	58	0	50.049	-32.5572	-0.919255	3.08322	-0.0170443	-0.544552	3.777	146.058	-155	-10000	0	4	1	A	0	18061	0	1.09817	-1	0	0	-10000	-197,-189,-187,-181,-172,-164,-155,-154,-147,-144,-139,-131,-121,-121,-107,-106,-101,-88,-88,-79,-72,-70,-68,-56,-55,-48,-39,-37,-36,-29,-23,-22,-15,-6,-4,3,6,10,11,18,28,29,44,62,62,70,79,80,95,95,103,112,112,121,123,127,129,136,145,145,153,160,162,169,178,178,186,195,197,-454,-451,-440,-439,-429,-421,-413,-410,-406,-403,-398,-390,-388,-380,-372,-369,-363,-355,-347,-338,-337,-331,-322,-321,-314,-305,-304,-297,-289,-281,-272,-271,-263,-261,-257,-255,-247,-239,-238,-230,-222,-214,-206,-205,-656,-655,-647,-638,-630,-622,-621,-614,-605,-603,-597,-589,-588,-580,-572	3775639	N\A	N\A	N\A	N\A	-200	200	-200	200	0.03	-5	0	0	-1	-10000	-10000	-10000	3	2000	1	N\A	-10000	18	1.32679	0	15.6801	N\A	-10000	92	MAP 1-2
P	0	59	0	50.1955	-30.4347	-0.890384	3.11004	-0.0113557	-0.485031	5.823	146.958	-126	-10000	0	4	1	A	0	18061	0	1.08345	-1	0	0	-10000	-200,-192,-183,-175,-175,-166,-159,-157,-155,-142,-142,-133,-126,-124,-122,-116,-113,-110,-109,-101,-91,-91,-82,-77,-76,-70,-67,-58,-56,-50,-40,-33,-25,-24,-17,-8,-7,0,8,8,16,26,26,29,34,36,41,41,44,49,59,59,67,74,77,83,92,92,100,108,110,111,124,125,134,142,143,151,153,158,167,175,176,183,190,191,-400,-391,-382,-380,-376,-374,-367,-358,-350,-343,-341,-334,-325,-317,-308,-306,-292,-283,-274,-264,-259,-258,-255,-250,-241,-232,-230,-226,-225,-221,-218,-208,-700,-692,-690,-684,-675,-667,-658,-657,-650,-647,-642,-634,-624,-610,-609,-604,-591,-582,-575,-573	3776142	N\A	N\A	N\A	N\A	-200	200	-200	200	0.03	-5	0	0	-1	-10000	-10000	-10000	3	2000	1	N\A	-10000	88	0.843758	0	3.86548	N\A	-10000	92	MAP 1-2
P	0	60	0	50.2254	-29.2611	-0.451676	3.13744	0.0217182	-0.42256	6.897	148.347	-11	-10000	0	4	1	A	0	18061	0	0.839031	-1	0	0	-10000	-195,-194,-185,-177,-176,-168,-166,-161,-152,-144,-143,-136,-129,-128,-119,-111,-110,-103,-94,-92,-86,-77,-69,-61,-60,-53,-45,-44,-36,-28,-27,-19,-12,-11,-3,5,6,14,23,31,39,47,55,57,65,72,81,89,90,97,101,105,106,114,122,123,131,139,147,156,164,172,174,181,189,190,197,-519,-511,-502,-494,-485,-478,-476,-474,-461,-452,-445,-443,-441,-435,-432,-429,-428,-420,-410,-401,-396,-395,-389,-386,-377,-375,-369,-359,-352,-344,-343,-336,-327,-326,-319,-311,-303,-293,-290,-285,-283,-278,-275,-270,-260,-252,-245,-242,-236,-227,-219,-211,-209,-208,-719,-710,-701,-699,-695,-693,-686	3776461	N\A	N\A	N\A	N\A	-200	200	-200	200	0.03	-5	0	0	-1	-10000	-10000	-10000	3	2000	1	N\A	-10000	115	1.2533	0	13.953	N\A	-10000	92	MAP 1-2
P	0	61	0	50.3293	-27.6215	-0.0110711	-3.09224	0.0681802	-0.285952	4.851	148.284	-100	-10000	0	4	1	A	0	18061	0	0.431822	-1	0	0	-10000	-184,-183,-176,-166,-165,-157,-150,-150,-142,-133,-132,-117,-116,-109,-100,-99,-91,-84,-80,-78,-67,-66,-59,-49,-48,-46,-33,-33,-28,-24,-16,-14,-6,-5,-1,0,4,8,16,17,20,26,34,36,42,50,50,58,66,74,83,84,91,99,101,108,116,117,125,133,134,142,149,150,158,166,167,175,183,191,-492,-483,-475,-467,-465,-458,-450,-449,-442,-433,-432,-425,-417,-408,-399,-398,-389,-384,-379,-375,-368,-366,-365,-358,-355,-349,-347,-342,-333,-327,-323,-316,-315,-314,-309,-300,-299,-293,-284,-282,-280,-271,-267,-266,-258,-249,-241,-234,-228,-217,-216,-209,-201,-834,-833,-824,-816,-815	3777100	N\A	N\A	N\A	N\A	-200	200	-200	200	0.03	-5	0	0	-1	-10000	-10000	-10000	3	2000	1	N\A	-10000	18	1.13582	0	12.8033	N\A	-10000	92	MAP 1-2
P	0	62	0	50.5157	-21.9901	0.681024	-3.00367	0.113462	-0.322974	5.595	150.165	-130	-10000	0	4	1	A	0	18061	0	0.910923	-1	0	0	-10000	-196,-188,-180,-172,-163,-155,-147,-145,-138,-130,-121,-114,-112,-111,-110,-97,-91,-89,-79,-79,-72,-64,-60,-56,-46,-46,-38,-30,-28,-26,-21,-13,-7,-2,4,5,7,20,21,27,36,38,46,56,59,70,71,78,88,91,103,104,111,121,122,136,137,145,154,154,165,169,170,178,187,187,195,-697,-696,-689,-679,-678,-670,-663,-655,-646,-645,-630,-629,-622,-613,-612,-604,-597,-593,-591,-580,-579,-572,-562,-561,-559,-546,-541,-537,-529,-527,-519,-518,-514,-513,-509,-505,-497,-496,-493,-487,-479,-477,-471,-463,-455,-447,-439,-430,-429,-422,-414,-412,-405,-397,-396,-388,-380,-379,-371,-364,-363	3777613	N\A	N\A	N\A	N\A	-200	200	-200	200	0.03	-5	0	0	-1	-10000	-10000	-10000	3	2000	1	N\A	-10000	35	5.67686	0	13.6477	N\A	-10000	92	MAP 1-2
P	0	63	0	50.5629	-20.2295	0.739991	-2.986	0.12104	-0.305143	5.508	153.894	-70	-10000	0	4	1	A	0	18061	0	1.17785	-1	0	0	-10000	-199,-197,-189,-179,-176,-165,-164,-157,-147,-144,-132,-131,-124,-114,-113,-99,-98,-90,-81,-81,-70,-66,-65,-57,-48,-48,-40,-31,-23,-14,-14,-6,-4,2,4,10,19,19,27,35,36,43,52,60,69,69,77,85,93,102,102,110,118,126,135,136,143,152,153,160,168,177,185,186,194,-431,-423,-415,-407,-398,-390,-382,-380,-373,-365,-356,-349,-347,-346,-345,-332,-326,-324,-314,-307,-299,-295,-291,-281,-273,-265,-263,-261,-256,-248,-242,-237,-231,-230,-228,-215,-214,-208,-932,-931,-924,-914,-913,-905,-898,-890,-881,-880,-865,-864,-857,-848,-847,-839,-832,-828,-826,-815,-814,-807,-797,-796,-794	3777848	N\A	N\A	N\A	N\A	-200	200	-200	200	0.03	-5	0	0	-1	-10000	-10000	-10000	3	2000	1	N\A	-10000	60	1.76221	0	3.98975	N\A	-10000	92	MAP 1-2
P	0	64	0	50.8313	-19.4462	0.0105592	-2.94474	0.095993	-0.275259	6.033	151.263	-82	-10000	0	4	1	A	0	18061	0	0.362426	-1	0	0	-10000	-199,-198,-189,-183,-183,-174,-165,-165,-157,-150,-146,-141,-132,-132,-125,-115,-114,-112,-109,-99,-99,-92,-82,-81,-75,-66,-66,-58,-49,-48,-40,-33,-25,-16,-15,-7,2,8,17,18,25,35,36,41,49,51,56,60,67,68,70,77,84,86,93,101,110,120,126,134,134,143,151,153,159,168,169,176,185,192,196,199,-549,-541,-533,-525,-516,-515,-508,-499,-498,-491,-483,-474,-466,-465,-457,-450,-449,-441,-432,-424,-416,-408,-399,-391,-382,-381,-375,-366,-358,-350,-348,-338,-333,-328,-324,-315,-307,-300,-293,-284,-282,-275,-265,-260,-250,-249,-242,-232,-231,-226,-216,-209,-850,-848,-840,-830	3778499	N\A	N\A	N\A	N\A	-200	200	-200	200	0.03	-5	0	0	-1	-10000	-10000	-10000	3	2000	1	N\A	-10000	31	0.381234	0	13.152	N\A	-10000	92	MAP 1-2
P	0	65	0	50.8036	-19.4423	-0.150236	-2.90554	0.0591715	-0.308352	6.033	151.101	-126	-10000	0	4	1	A	0	18061	0	1.08292	-1	0	0	-10000	-195,-194,-187,-177,-176,-171,-163,-161,-156,-152,-145,-144,-142,-135,-128,-126,-119,-111,-102,-92,-86,-78,-78,-69,-61,-59,-53,-44,-43,-36,-27,-20,-16,-13,-11,-6,-3,5,6,8,14,21,26,31,39,41,47,56,59,64,71,72,80,89,90,104,105,113,122,123,131,138,138,141,146,155,156,166,174,178,188,189,198,-411,-410,-401,-395,-386,-377,-369,-362,-358,-353,-344,-337,-327,-326,-324,-321,-311,-304,-294,-293,-287,-278,-270,-261,-260,-252,-245,-237,-228,-227,-219,-210,-204,-761,-753,-745,-737,-728,-727,-720,-711,-710,-703,-695,-686,-678,-677,-669,-662,-661,-653,-644,-636,-628,-620	3778711	N\A	N\A	N\A	N\A	-200	200	-200	200	0.03	-5	0	0	-1	-10000	-10000	-10000	3	2000	1	N\A	-10000	45	0.163214	0	18.3672	N\A	-10000	92	MAP 1-2
P	0	66	0	50.3189	-19.6828	-2.19741	-2.51691	-0.409628	-0.457026	5.853	151.11	-165	-10000	0	4	1	A	0	18061	0	0.192002	-1	0	0	-10000	-199,-186,-183,-165,-153,-151,-132,-120,-113,-110,-104,-103,-99,-93,-87,-86,-78,-70,-70,-68,-54,-50,-47,-37,-36,-32,-27,-14,-4,3,15,19,30,35,39,47,49,58,63,67,80,83,97,103,113,123,137,146,153,164,164,171,180,182,189,197,-679,-670,-665,-656,-654,-647,-643,-636,-635,-626,-621,-615,-603,-599,-594,-588,-585,-580,-572,-570,-562,-555,-547,-537,-536,-529,-519,-518,-504,-503,-495,-486,-484,-475,-471,-465,-463,-456,-453,-452,-443,-439,-432,-431,-420,-419,-412,-409,-406,-400,-397,-387,-386,-377,-369,-362,-354,-348,-336,-328,-321,-317,-303,-302,-945,-934,-921,-920,-913,-910,-902,-900	3780237	N\A	N\A	N\A	N\A	-200	200	-200	200	0.03	-5	0	0	-1	-10000	-10000	-10000	3	2000	1	N\A	-10000	43	0.30269	0	24.3812	N\A	-10000	92	MAP 1-2
P	0	67	0	49.9962	-19.3137	-1.92645	-2.60631	-0.436618	-0.468903	1.695	150.582	-78	-10000	0	4	1	A	0	18061	0	0.15062	-1	0	0	-10000	-198,-196,-189,-186,-184,-172,-165,-162,-153,-151,-146,-131,-120,-113,-102,-98,-96,-87,-81,-78,-69,-66,-54,-48,-39,-36,-28,-14,-3,-3,-2,4,14,15,17,24,30,35,39,48,49,59,63,67,72,81,81,84,100,103,114,122,132,136,147,154,165,169,174,180,186,189,191,198,199,-732,-719,-716,-698,-686,-684,-665,-653,-646,-643,-637,-636,-632,-626,-620,-619,-611,-603,-601,-587,-583,-580,-570,-569,-565,-560,-547,-537,-530,-518,-514,-503,-498,-494,-486,-484,-475,-470,-466,-453,-450,-436,-430,-420,-410,-396,-387,-380,-369,-362,-353,-351,-344,-336,-1212,-1203,-1198,-1189,-1187,-1180,-1176,-1169,-1168	3780770	N\A	N\A	N\A	N\A	-200	200	-200	200	0.03	-5	0	0	-1	-10000	-10000	-10000	3	2000	1	N\A	-10000	8	0.56017	0	18.8881	N\A	-10000	92	MAP 1-2
P	0	68	0	47.0761	-18.7904	-1.97321	-2.5965	-0.447791	-0.554808	6.177	149.634	-16	-10000	0	4	1	A	0	18061	0	1.05624	-1	0	0	-10000	-197,-189,-186,-174,-169,-163,-157,-152,-146,-141,-136,-130,-124,-119,-109,-102,-91,-90,-81,-65,-57,-52,-40,-36,-24,-19,-16,-7,-2,4,8,18,26,31,48,59,64,77,81,92,98,110,114,121,125,131,137,143,146,153,163,176,178,183,197,-467,-457,-456,-454,-447,-441,-436,-432,-423,-422,-412,-408,-404,-399,-390,-387,-371,-368,-357,-349,-339,-335,-324,-317,-306,-302,-297,-291,-285,-282,-280,-273,-272,-269,-263,-258,-253,-240,-236,-230,-219,-207,-202,-669,-667,-660,-657,-655,-643,-636,-633,-624,-622,-617,-602,-591,-584,-573,-569,-567,-558,-552,-549,-540,-537,-525,-519,-510,-507,-499,-485,-474,-473	3781241	N\A	N\A	N\A	N\A	-200	200	-200	200	0.03	-5	0	0	-1	-10000	-10000	-10000	3	2000	1	N\A	-10000	21	2.13025	0	19.3191	N\A	-10000	92	MAP 1-2
P	0	69	0	43.4811	-18.5662	-1.93935	-2.56023	-0.410267	-0.625898	6.786	154.398	-104	-10000	0	4	1	A	0	18061	0	0.200855	-1	0	0	-10000	-197,-196,-191,-188,-179,-176,-164,-163,-157,-153,-148,-146,-137,-131,-125,-113,-111,-104,-92,-80,-77,-76,-71,-62,-59,-47,-42,-38,-29,-25,-18,-14,-13,-7,4,13,26,29,37,41,55,60,70,72,80,88,92,103,108,121,125,136,141,147,154,158,164,175,187,192,-402,-398,-388,-380,-375,-358,-347,-342,-329,-325,-314,-308,-296,-292,-285,-281,-275,-269,-263,-260,-253,-243,-230,-228,-223,-209,-603,-595,-592,-580,-575,-569,-563,-558,-552,-547,-542,-536,-530,-525,-515,-508,-497,-496,-487,-471,-463,-458,-446,-442,-430,-425,-422,-413,-408	3781647	N\A	N\A	N\A	N\A	-200	200	-200	200	0.03	-5	0	0	-1	-10000	-10000	-10000	3	2000	1	N\A	-10000	79	1.71603	0	15.7016	N\A	-10000	92	MAP 1-2
P	0	70	0	41.1183	-18.4134	-1.82891	-2.54512	-0.379638	-0.66923	5.187	147.012	-37	-10000	0	4	1	A	0	18061	0	0.772727	-1	0	0	-10000	-197,-192,-187,-181,-175,-170,-153,-142,-137,-123,-120,-108,-103,-90,-87,-75,-70,-58,-54,-47,-43,-37,-25,-20,-5,8,19,26,30,41,47,59,63,70,74,80,92,97,113,125,130,143,147,158,164,176,180,191,197,-408,-404,-390,-385,-375,-373,-365,-357,-353,-342,-337,-324,-320,-309,-304,-298,-291,-287,-281,-270,-258,-253,-240,-237,-225,-220,-207,-204,-642,-641,-636,-633,-624,-621,-609,-608,-602,-598,-593,-591,-582,-576,-570,-558,-556,-549,-537,-525,-522,-521,-516,-507,-504,-492,-487,-483,-474,-470,-463,-459,-458,-452,-441,-432,-419,-416	3782092	N\A	N\A	N\A	N\A	-200	200	-200	200	0.03	-5	0	0	-1	-10000	-10000	-10000	3	2000	1	N\A	-10000	113	1.02475	0	26.0188	N\A	-10000	92	MAP 1-2
P	0	71	0	38.5241	-18.2017	-1.52159	-2.56719	-0.347215	-0.690076	6.771	146.787	-17	-10000	0	4	1	A	0	18061	0	0.779689	-1	0	0	-10000	-194,-188,-176,-172,-166,-161,-155,-143,-139,-122,-110,-105,-100,-92,-90,-77,-71,-67,-59,-56,-48,-44,-43,-37,-26,-17,-4,1,7,12,25,29,34,38,40,48,58,62,67,73,78,91,95,101,105,112,124,128,145,157,162,175,178,190,195,-582,-577,-572,-566,-560,-555,-538,-527,-522,-508,-505,-493,-488,-475,-472,-460,-455,-443,-439,-432,-428,-422,-410,-405,-390,-377,-366,-359,-355,-344,-338,-326,-322,-315,-311,-305,-293,-288,-272,-260,-255,-242,-238,-227,-221,-209,-205,-793,-789,-775,-770,-760,-758,-750,-742,-738,-727,-722,-709,-705,-694,-689,-683,-676,-672,-666,-655,-643,-638,-625,-622,-610,-605	3782477	N\A	N\A	N\A	N\A	-200	200	-200	200	0.03	-5	0	0	-1	-10000	-10000	-10000	3	2000	1	N\A	-10000	20	2.6209	0	16.3331	N\A	-10000	92	MAP 1-2
P	0	72	0	34.7819	-17.8116	-1.18875	-2.60457	-0.299799	-0.715739	8.703	147.609	-17	-10000	0	4	1	A	0	18061	0	0.670873	-1	0	0	-10000	-200,-187,-185,-172,-167,-154,-151,-144,-140,-133,-121,-117,-103,-100,-88,-83,-70,-66,-55,-50,-37,-36,-33,-27,-23,-17,-5,0,6,17,22,28,33,47,50,62,67,79,83,94,100,112,116,123,127,133,145,150,164,167,178,183,196,-706,-700,-688,-684,-678,-673,-667,-655,-651,-634,-622,-617,-612,-604,-602,-589,-583,-579,-571,-568,-560,-556,-555,-549,-538,-529,-516,-511,-505,-500,-487,-483,-478,-474,-472,-464,-454,-450,-445,-439,-434,-421,-417,-411,-407,-400,-388,-384,-367,-355,-350,-337,-334,-322,-317,-1094,-1089,-1084,-1078,-1072,-1067,-1050,-1039,-1034,-1020,-1017,-1005,-1000,-987,-984,-972,-967,-955,-951,-944	3782989	N\A	N\A	N\A	N\A	-200	200	-200	200	0.03	-5	0	0	-1	-10000	-10000	-10000	3	2000	1	N\A	-10000	0	3.77714	0	27.6993	N\A	-10000	92	MAP 1-2
P	0	73	0	30.8206	-17.5481	-1.07249	-2.6326	-0.247908	-0.734245	10.641	146.151	-110	-10000	0	4	1	A	0	18061	0	1.5547	-1	0	0	-10000	-197,-193,-182,-177,-164,-160,-149,-143,-131,-127,-121,-117,-110,-98,-93,-80,-77,-65,-59,-55,-47,-44,-32,-27,-14,-10,-4,0,7,19,23,40,52,57,70,72,85,91,103,107,118,124,136,140,146,150,157,169,173,187,188,-710,-697,-695,-682,-677,-664,-661,-654,-650,-643,-631,-627,-613,-610,-598,-593,-580,-576,-565,-560,-547,-546,-543,-537,-533,-527,-515,-510,-504,-493,-488,-482,-477,-463,-460,-448,-443,-431,-427,-416,-410,-398,-394,-387,-383,-377,-365,-360,-346,-343,-332,-327,-314,-310,-1216,-1210,-1198,-1194,-1188,-1183,-1177,-1165,-1161,-1144,-1132,-1127,-1122,-1114,-1112,-1099,-1093,-1089,-1081,-1078,-1070,-1066,-1065	3783499	N\A	N\A	N\A	N\A	-200	200	-200	200	0.03	-5	0	0	-1	-10000	-10000	-10000	3	2000	1	N\A	-10000	77	3.97175	0	27.8563	N\A	-10000	92	MAP 1-2
P	0	74	0	26.1013	-17.3584	-1.11813	-2.64078	-0.195636	-0.753129	7.059	148.032	-17	-10000	0	4	1	A	0	18061	0	0.883537	-1	0	0	-10000	-199,-197,-187,-184,-172,-167,-154,-151,-140,-134,-121,-117,-112,-108,-101,-88,-84,-70,-67,-55,-50,-38,-34,-23,-17,-5,-1,6,9,16,29,33,38,47,49,62,66,79,81,82,94,95,102,112,113,126,132,136,145,148,155,159,160,166,178,186,196,-721,-717,-706,-701,-688,-684,-673,-667,-655,-651,-645,-641,-634,-622,-617,-604,-601,-589,-583,-579,-571,-568,-556,-551,-538,-534,-528,-524,-517,-505,-501,-484,-472,-467,-454,-452,-439,-433,-421,-417,-406,-400,-388,-384,-378,-374,-367,-355,-351,-337,-336,-1234,-1221,-1219,-1206,-1201,-1188,-1185,-1178,-1174,-1167,-1155,-1151,-1137,-1134,-1122,-1117,-1104,-1100,-1089,-1084	3784023	N\A	N\A	N\A	N\A	-200	200	-200	200	0.03	-5	0	0	-1	-10000	-10000	-10000	3	2000	1	N\A	-10000	93	4.72334	0	28.2045	N\A	-10000	92	MAP 1-2
P	0	75	0	22.7903	-17.1577	-1.05172	-2.66615	-0.163015	-0.770346	7.707	149.673	-9	-10000	0	4	1	A	0	18061	0	0.718328	-1	0	0	-10000	-197,-189,-179,-175,-163,-158,-146,-142,-132,-128,-122,-113,-108,-103,-99,-92,-80,-76,-70,-62,-59,-47,-42,-29,-25,-14,-9,4,8,17,25,37,39,47,50,51,55,59,70,76,88,91,103,109,121,125,135,136,142,154,158,164,167,175,187,194,197,-574,-572,-562,-559,-547,-542,-529,-526,-515,-509,-496,-492,-487,-483,-476,-463,-459,-445,-442,-430,-425,-413,-409,-398,-392,-380,-376,-369,-366,-359,-346,-342,-337,-328,-326,-313,-309,-296,-294,-293,-281,-280,-273,-263,-262,-249,-243,-239,-230,-227,-220,-216,-215,-209,-1096,-1092,-1081,-1076,-1063,-1059,-1048,-1042,-1030,-1026,-1020,-1016,-1009,-997,-992,-979,-976	3784398	N\A	N\A	N\A	N\A	-200	200	-200	200	0.03	-5	0	0	-1	-10000	-10000	-10000	3	2000	1	N\A	-10000	8	3.31773	0	29.6931	N\A	-10000	92	MAP 1-2
P	0	76	0	19.3144	-17.001	-0.95447	-2.69	-0.114412	-0.787712	9.123	153.336	-83	-10000	0	4	1	A	0	18061	0	1.36373	-1	0	0	-10000	-200,-187,-184,-174,-172,-167,-155,-150,-141,-134,-121,-117,-112,-108,-100,-88,-83,-71,-67,-55,-50,-38,-34,-25,-23,-17,-5,-1,5,8,17,28,33,38,47,50,62,66,79,83,92,95,100,112,116,125,133,145,150,155,158,166,179,183,196,-889,-881,-871,-867,-855,-850,-838,-834,-824,-820,-814,-805,-800,-795,-791,-784,-772,-768,-762,-754,-751,-739,-734,-721,-717,-706,-701,-688,-684,-675,-667,-655,-653,-645,-642,-641,-637,-633,-622,-616,-604,-601,-589,-583,-571,-567,-557,-556,-550,-538,-534,-528,-525,-517,-505,-498,-495,-1266,-1264,-1254,-1251,-1239,-1234,-1221,-1218,-1207,-1201,-1188,-1184,-1179,-1175,-1168,-1155	3785090	N\A	N\A	N\A	N\A	-200	200	-200	200	0.03	-5	0	0	-1	-10000	-10000	-10000	3	2000	1	N\A	-10000	74	3.48078	0	30.3229	N\A	-10000	92	MAP 1-2
P	0	77	0	18.3911	-17.0119	-0.927483	-2.69546	-0.100614	-0.787662	10.413	154.23	-153	-10000	0	4	1	A	0	18061	0	1.70287	-1	0	0	-10000	-195,-193,-187,-175,-171,-165,-162,-153,-142,-137,-132,-123,-120,-108,-104,-91,-87,-78,-75,-70,-58,-54,-45,-37,-25,-20,-15,-12,-4,9,13,26,30,39,42,46,59,63,72,74,80,92,96,102,105,113,125,129,135,143,146,158,164,176,180,188,190,191,197,-370,-357,-354,-344,-342,-337,-325,-320,-311,-304,-291,-287,-282,-278,-270,-258,-253,-241,-237,-225,-220,-208,-204,-1059,-1051,-1041,-1037,-1025,-1020,-1008,-1004,-994,-990,-984,-975,-970,-965,-961,-954,-942,-938,-932,-924,-921,-909,-904,-891,-887,-876,-871,-858,-854,-845,-837,-825,-823,-815,-812,-811,-807,-803,-792,-786,-774,-771,-759,-753,-741,-737	3785260	N\A	N\A	N\A	N\A	-200	200	-200	200	0.03	-5	0	0	-1	-10000	-10000	-10000	3	2000	1	N\A	-10000	70	0.923825	0	30.0961	N\A	-10000	92	MAP 1-2
P	0	78	0	16.4331	-16.9413	-0.807323	-2.71284	-0.0706919	-0.784173	10.413	155.844	-176	-10000	0	4	1	A	0	18061	0	1.57316	-1	0	0	-10000	-197,-193,-187,-184,-176,-164,-160,-154,-146,-143,-131,-125,-113,-109,-101,-99,-98,-92,-80,-76,-73,-67,-59,-47,-42,-37,-34,-29,-25,-22,-14,-9,4,7,17,19,24,37,41,50,57,70,74,80,83,91,103,107,113,121,124,134,136,141,154,157,166,169,174,187,191,-484,-482,-476,-464,-460,-454,-451,-442,-431,-426,-421,-412,-409,-397,-393,-380,-376,-367,-364,-359,-347,-343,-334,-326,-314,-309,-304,-301,-293,-280,-276,-263,-259,-250,-247,-243,-230,-226,-217,-215,-209,-659,-646,-643,-633,-631,-626,-614,-609,-600,-593,-580,-576,-571,-567,-559,-547,-542,-530,-526,-514,-509,-497,-493	3785549	N\A	N\A	N\A	N\A	-200	200	-200	200	0.03	-5	0	0	-1	-10000	-10000	-10000	3	2000	1	N\A	-10000	23	1.96289	0	29.9626	N\A	-10000	92	MAP 1-2
P	0	79	0	10.1422	-16.7054	-0.416649	-2.78456	0.0241434	-0.777028	8.409	162.336	-134	-10000	0	4	1	A	0	18061	0	1.23046	-1	0	0	-10000	-197,-194,-189,-185,-176,-173,-168,-156,-155,-152,-143,-140,-134,-123,-118,-110,-102,-90,-85,-80,-77,-72,-68,-60,-57,-51,-39,-34,-26,-23,-18,-6,-2,7,15,27,31,40,48,60,65,70,73,78,81,90,93,98,111,115,123,126,131,144,148,156,165,177,181,186,190,195,198,-402,-390,-385,-377,-369,-356,-352,-347,-344,-338,-335,-323,-319,-306,-302,-293,-290,-285,-282,-273,-272,-269,-260,-253,-240,-236,-230,-227,-221,-217,-207,-202,-1040,-1036,-1030,-1027,-1019,-1007,-1003,-997,-989,-986,-974,-968,-956,-952,-944,-942,-941,-935,-923,-919,-916,-910,-902,-890,-885,-880,-877,-872,-868,-865,-857,-852,-839	3786392	N\A	N\A	N\A	N\A	-200	200	-200	200	0.03	-5	0	0	-1	-10000	-10000	-10000	3	2000	1	N\A	-10000	2	1.59026	0	30.9601	N\A	-10000	92	MAP 1-2
P	0	80	0	8.12115	-16.6282	-0.310351	-2.80901	0.0602378	-0.777807	6.831	163.14	-81	-10000	0	4	1	A	0	18061	0	0.928427	-1	0	0	-10000	-198,-186,-181,-176,-173,-168,-165,-156,-153,-148,-135,-131,-123,-120,-115,-102,-98,-90,-81,-69,-65,-60,-56,-51,-48,-36,-36,-30,-18,-16,-6,-3,2,15,18,27,35,48,51,58,60,69,81,84,90,93,99,102,111,114,120,131,136,144,147,152,165,169,177,186,198,-443,-440,-435,-431,-422,-419,-414,-402,-401,-398,-389,-386,-380,-369,-364,-356,-348,-336,-331,-326,-323,-318,-314,-306,-303,-297,-285,-280,-272,-269,-264,-252,-248,-239,-231,-219,-215,-206,-648,-636,-631,-623,-615,-602,-598,-593,-590,-584,-581,-569,-565,-552,-548,-539,-536,-531,-528,-519,-518,-515,-506,-499,-486,-482,-476,-473,-467	3786638	N\A	N\A	N\A	N\A	-200	200	-200	200	0.03	-5	0	0	-1	-10000	-10000	-10000	3	2000	1	N\A	-10000	53	2.02532	0	32.0943	N\A	-10000	92	MAP 1-2
P	0	81	0	6.35905	-16.5688	-0.190869	-2.8302	0.0889962	-0.783352	7.185	164.04	-69	-10000	0	4	1	A	0	18061	0	0.827328	-1	0	0	-10000	-197,-195,-186,-174,-171,-165,-162,-156,-153,-144,-141,-135,-124,-119,-111,-108,-103,-90,-86,-78,-69,-57,-53,-48,-45,-39,-36,-27,-24,-20,-7,-3,6,9,14,26,30,39,47,59,64,69,72,80,93,94,102,110,114,122,126,131,143,147,156,159,164,176,180,189,197,-453,-441,-436,-431,-428,-423,-420,-411,-408,-403,-390,-386,-378,-375,-370,-357,-353,-345,-336,-324,-320,-315,-311,-306,-303,-291,-285,-273,-271,-261,-258,-253,-240,-237,-228,-220,-207,-204,-698,-695,-690,-686,-677,-674,-669,-657,-656,-653,-644,-641,-635,-624,-619,-611,-603,-591,-586,-581,-578,-573,-569,-561,-558,-552,-540,-535,-527	3786893	N\A	N\A	N\A	N\A	-200	200	-200	200	0.03	-5	0	0	-1	-10000	-10000	-10000	3	2000	1	N\A	-10000	12	1.76714	0	33.0367	N\A	-10000	92	MAP 1-2
P	0	82	0	5.17404	-16.5405	-0.0551386	-2.8453	0.108036	-0.788782	4.857	164.22	-165	-10000	0	4	1	A	0	18061	0	0.781942	-1	0	0	-10000	-198,-186,-181,-176,-173,-165,-152,-151,-143,-135,-131,-123,-119,-114,-102,-98,-89,-86,-81,-69,-65,-56,-48,-36,-31,-26,-23,-18,-14,-6,-2,2,15,19,27,31,36,48,52,60,69,81,85,91,94,102,114,119,124,127,132,136,144,148,152,165,169,177,180,186,198,-442,-440,-431,-419,-416,-410,-407,-401,-398,-389,-386,-380,-369,-364,-356,-353,-348,-335,-331,-323,-314,-302,-298,-293,-290,-284,-281,-272,-269,-265,-252,-248,-239,-236,-231,-219,-215,-206,-698,-686,-681,-676,-673,-668,-665,-656,-653,-648,-635,-631,-623,-620,-615,-602,-598,-590,-581,-569,-565,-560,-556,-551,-548,-536,-530,-518,-516	3787138	N\A	N\A	N\A	N\A	-200	200	-200	200	0.03	-5	0	0	-1	-10000	-10000	-10000	3	2000	1	N\A	-10000	96	1.19309	0	33.3068	N\A	-10000	92	MAP 1-2
P	0	83	0	3.57931	-16.5329	0.110679	-2.86731	0.141716	-0.786343	7.332	166.563	-13	-10000	0	4	1	A	0	18061	0	0.930844	-1	0	0	-10000	-197,-185,-180,-175,-172,-167,-163,-155,-151,-147,-134,-130,-122,-119,-113,-101,-97,-89,-80,-68,-63,-58,-56,-50,-47,-38,-35,-30,-17,-13,-5,-2,3,16,20,28,37,49,53,61,70,79,82,87,91,94,100,103,112,115,122,133,139,145,148,154,166,170,178,182,190,199,-497,-485,-480,-475,-472,-464,-451,-450,-442,-434,-430,-422,-418,-413,-401,-397,-388,-385,-380,-368,-364,-355,-347,-335,-330,-325,-322,-317,-313,-305,-301,-297,-284,-280,-272,-268,-263,-251,-247,-239,-230,-218,-214,-208,-205,-741,-739,-730,-718,-715,-709,-706,-700,-697,-688,-685,-679,-668,-663,-655,-652,-647,-634,-630,-622,-613	3787437	N\A	N\A	N\A	N\A	-200	200	-200	200	0.03	-5	0	0	-1	-10000	-10000	-10000	3	2000	1	N\A	-10000	152	1.60335	0	34.4057	N\A	-10000	92	MAP 1-2
P	0	84	0	0.826611	-16.5361	0.303878	-2.91844	0.21464	-0.775492	7.35	168.768	-198	-10000	0	4	1	A	0	18061	0	1.06204	-1	0	0	-10000	-198,-186,-182,-174,-165,-156,-153,-148,-144,-141,-135,-132,-123,-120,-113,-102,-96,-90,-87,-81,-69,-65,-57,-53,-45,-36,-32,-27,-24,-18,-15,-6,-3,2,15,18,27,30,35,47,52,60,67,69,78,81,82,88,93,102,113,120,126,131,132,135,145,149,164,168,177,179,185,197,-432,-420,-415,-410,-407,-402,-398,-390,-386,-382,-369,-365,-357,-354,-348,-336,-332,-324,-315,-303,-298,-293,-291,-285,-282,-273,-270,-265,-252,-248,-240,-237,-232,-219,-215,-207,-732,-720,-715,-710,-707,-699,-686,-685,-677,-669,-665,-657,-653,-648,-636,-632,-623,-620,-615,-603,-599,-590,-582,-570,-565,-560,-557,-552	3787672	N\A	N\A	N\A	N\A	-200	200	-200	200	0.03	-5	0	0	-1	-10000	-10000	-10000	3	2000	1	N\A	-10000	185	2.75947	0	34.3362	N\A	-10000	92	MAP 1-2
P	0	85	0	-5.28211	-16.6083	0.904052	-3.104	0.477004	-0.80699	2.112	169.5	-198	-10000	0	4	1	A	0	18061	0	0.220369	-1	0	0	-10000	-198,-186,-183,-174,-165,-153,-149,-144,-141,-135,-132,-123,-120,-115,-102,-98,-90,-87,-82,-69,-68,-57,-48,-36,-36,-24,-14,-3,3,9,14,19,26,30,35,47,52,59,63,68,80,81,93,102,114,115,123,126,132,132,135,143,147,153,164,168,176,180,185,187,197,199,-402,-399,-390,-387,-382,-369,-365,-357,-354,-349,-336,-332,-324,-321,-315,-303,-299,-291,-282,-273,-270,-269,-261,-258,-252,-249,-240,-237,-230,-219,-216,-207,-204,-603,-600,-591,-587,-583,-570,-563,-558,-548,-540,-536,-527,-525,-519,-515,-507,-503,-499,-486,-481,-474,-470,-464,-453,-449,-441,-432,-420,-415,-410,-408	3788589	N\A	N\A	N\A	N\A	-200	200	-200	200	0.03	-5	0	0	-1	-10000	-10000	-10000	3	2000	1	N\A	-10000	182	0.111062	0	36.3364	N\A	-10000	92	MAP 1-2
P	0	86	0	-6.54994	-16.4742	1.00287	-3.09449	0.430741	-0.830329	5.403	171.891	-181	-10000	0	4	1	A	0	18061	0	0.977312	-1	0	0	-10000	-200,-188,-181,-176,-172,-166,-155,-151,-143,-134,-122,-118,-112,-110,-104,-100,-92,-88,-83,-71,-68,-59,-55,-50,-38,-35,-26,-17,-5,-2,7,13,16,25,28,34,38,40,46,49,58,61,67,79,83,91,94,100,112,116,124,130,134,145,145,155,157,163,165,175,176,178,184,196,-455,-450,-443,-439,-434,-422,-421,-409,-400,-388,-387,-379,-376,-370,-367,-359,-355,-349,-338,-334,-326,-322,-317,-315,-305,-303,-293,-285,-283,-272,-270,-260,-242,-238,-232,-229,-226,-221,-215,-209,-205,-700,-688,-685,-676,-667,-655,-651,-646,-643,-637,-634,-625,-622,-617,-604,-600,-592,-589,-584,-571,-570,-559,-550	3789091	N\A	N\A	N\A	N\A	-200	200	-200	200	0.03	-5	0	0	-1	-10000	-10000	-10000	3	2000	1	N\A	-10000	18	0.488004	0	18.7974	N\A	-10000	92	MAP 1-2
P	0	87	0	-7.35175	-16.1237	0.153554	3.13501	0.284427	-0.909036	34.002	153.303	-16	-10000	0	4	1	A	0	18061	0	6.65493	-1	0	0	-10000	-200,-198,-192,-183,-175,-166,-158,-155,-151,-150,-141,-133,-125,-118,-116,-108,-100,-91,-83,-81,-75,-66,-58,-50,-49,-41,-34,-33,-25,-16,-8,-5,-1,0,9,17,25,34,42,50,59,67,68,75,83,84,92,100,101,109,116,117,125,134,142,149,150,158,167,175,183,192,-558,-550,-549,-541,-538,-534,-533,-525,-516,-508,-500,-497,-491,-483,-475,-466,-465,-458,-450,-441,-433,-432,-424,-421,-417,-416,-408,-400,-399,-391,-385,-383,-375,-366,-358,-350,-348,-341,-333,-325,-316,-315,-308,-300,-291,-283,-282,-275,-272,-268,-266,-258,-250,-249,-241,-233,-225,-217,-216,-208,-807,-805,-801,-799,-791,-783	3798050	N\A	N\A	N\A	N\A	-200	200	-200	200	0.03	-5	0	0	-1	-10000	-10000	-10000	3	2000	1	N\A	-10000	6	0.0672589	0	13.9238	N\A	-10000	92	MAP 1-2
P	0	88	0	-6.46928	-82.8857	53.1956	1.7179	-0.591944	-0.26544	60.492	103.035	-123	-10000	0	4	1	A	0	18061	0	14.8862	-1	0	0	-10000	-198,-197,-190,-187,-181,-178,-173,-167,-165,-156,-148,-140,-135,-132,-123,-122,-115,-113,-103,-98,-90,-89,-81,-70,-65,-61,-56,-48,-40,-38,-37,-31,-18,-15,-5,2,14,19,28,35,36,47,52,61,69,80,85,88,94,99,102,111,131,134,135,144,152,153,164,177,185,186,197,-585,-581,-573,-571,-565,-556,-552,-549,-548,-540,-537,-531,-530,-523,-519,-515,-506,-505,-498,-490,-486,-481,-477,-473,-465,-464,-456,-455,-448,-440,-439,-434,-432,-431,-422,-415,-406,-402,-398,-390,-389,-381,-380,-369,-365,-356,-348,-340,-336,-331,-328,-323,-322,-315,-306,-305,-298,-290,-285,-281,-272,-265,-252,-249,-248	3900984	N\A	N\A	N\A	N\A	-200	200	-200	200	0.03	-5	0	0	-1	-10000	-10000	-10000	3	2000	1	N\A	-10000	102	0.407504	0	0.50946	N\A	-10000	92	MAP 1-2
P	0	89	0	19.0035	-79.5364	54.5634	1.97261	-0.840031	-0.415926	1.479	60.738	-20	-10000	0	4	1	A	0	18061	0	0.156476	-1	0	0	-10000	-197,-194,-188,-185,-179,-177,-175,-170,-166,-165,-161,-157,-152,-146,-144,-142,-137,-134,-132,-124,-119,-114,-113,-110,-103,-101,-100,-91,-86,-82,-81,-77,-71,-68,-65,-59,-58,-48,-45,-39,-37,-35,-29,-27,-20,-17,-17,-12,-7,4,6,8,16,25,31,37,46,49,50,60,69,82,88,90,100,103,110,113,115,116,123,123,127,133,133,136,142,146,154,156,159,163,166,178,181,184,186,188,196,199,-401,-395,-391,-379,-378,-371,-368,-366,-357,-349,-347,-346,-338,-335,-333,-328,-326,-322,-316,-315,-312,-306,-304,-302,-294,-293,-284,-274,-270,-261,-260,-251,-242,-237,-230,-227,-219,-209	3905229	N\A	N\A	N\A	N\A	-200	200	-200	200	0.03	-5	0	0	-1	-10000	-10000	-10000	3	2000	1	N\A	-10000	103	1.26981	0	0.294891	N\A	-10000	92	MAP 1-2
P	0	90	0	43.5018	-80.8796	54.0967	2.1475	-0.93759	-0.474789	11.724	49.857	-27	-10000	0	4	1	A	0	18061	0	0.875608	-1	0	0	-10000	-199,-196,-193,-188,-187,-184,-174,-165,-165,-160,-156,-155,-151,-145,-141,-135,-133,-131,-127,-124,-119,-118,-113,-111,-108,-103,-102,-93,-89,-77,-69,-68,-66,-60,-56,-43,-39,-38,-35,-27,-25,-16,-10,-7,4,7,17,24,26,40,48,57,60,73,80,90,92,99,107,111,121,124,126,134,140,143,148,157,165,174,177,190,197,-455,-453,-451,-444,-441,-440,-434,-432,-430,-422,-420,-412,-411,-408,-401,-399,-389,-384,-380,-371,-369,-359,-358,-356,-343,-341,-335,-327,-323,-318,-310,-306,-305,-303,-300,-295,-291,-286,-283,-272,-269,-263,-251,-240,-228,-219,-218,-207,-707,-706,-700,-699,-690,-689,-684	3908418	N\A	N\A	N\A	N\A	-200	200	-200	200	0.03	-5	0	0	-1	-10000	-10000	-10000	3	2000	1	N\A	-10000	101	2.49371	0	1.44284	N\A	-10000	92	MAP 1-2
P	0	91	0	3.49907	-79.3187	37.7294	1.82783	-0.7021	-0.365276	5.157	39.534	-172	-10000	0	4	1	A	0	18061	0	0.878496	-1	0	0	-10000	-197,-187,-186,-180,-178,-172,-165,-155,-146,-132,-122,-114,-103,-99,-93,-89,-81,-70,-65,-61,-48,-38,-32,-28,-15,-5,2,16,18,24,28,35,47,51,57,69,79,88,89,96,102,105,112,114,120,131,134,145,147,156,163,164,169,173,174,178,184,190,196,-408,-391,-388,-381,-370,-369,-359,-355,-347,-337,-327,-305,-304,-295,-291,-282,-272,-268,-255,-250,-242,-239,-237,-233,-220,-216,-210,-206,-636,-633,-626,-623,-614,-604,-599,-594,-582,-571,-566,-562,-549,-538,-531,-515,-509,-505,-498,-487,-477,-465,-454,-445,-442,-434,-432,-421,-419	3912632	N\A	N\A	N\A	N\A	-200	200	-200	200	0.03	-5	0	0	-1	-10000	-10000	-10000	3	2000	1	N\A	-10000	130	0.79246	0	0.91378	N\A	-10000	92	MAP 1-2
P	0	92	0	20.232	-79.4757	38.8774	2.12391	-0.728745	-0.620487	9.072	38.22	-8	-10000	0	4	1	A	0	18061	0	1.0983	-1	0	0	-10000	-197,-195,-185,-176,-174,-167,-164,-157,-152,-145,-135,-134,-131,-124,-118,-113,-103,-101,-84,-80,-70,-69,-58,-58,-52,-47,-34,-28,-18,-14,-8,4,9,16,27,31,37,39,42,58,62,70,89,92,103,110,122,122,126,132,143,154,161,164,166,176,187,189,194,198,-463,-461,-454,-443,-442,-434,-431,-428,-423,-419,-412,-402,-395,-390,-379,-370,-368,-358,-346,-337,-335,-326,-314,-311,-306,-302,-294,-291,-284,-281,-274,-270,-262,-252,-241,-229,-225,-220,-219,-217,-208,-700,-697,-688,-679,-676,-669,-668,-658,-646,-642,-637,-636,-623,-613,-606,-592,-580,-579,-573,-569,-561,-560,-559,-551,-550,-547,-545	3914957	N\A	N\A	N\A	N\A	-200	200	-200	200	0.03	-5	0	0	-1	-10000	-10000	-10000	3	2000	1	N\A	-10000	185	5.69423	0	4.08817	N\A	-10000	92	MAP 1-2
P	0	93	0	33.8219	-79.0777	39.25	2.30779	-0.802195	-0.695708	5.565	35.013	-150	-10000	0	4	1	A	0	18061	0	0.877424	-1	0	0	-10000	-198,-184,-178,-171,-165,-160,-155,-154,-151,-150,-133,-127,-123,-122,-104,-100,-97,-91,-88,-71,-67,-66,-55,-38,-34,-33,-21,-16,-15,-6,-5,11,17,18,26,29,36,43,45,50,59,62,69,76,79,83,94,100,102,103,112,115,122,125,129,134,135,144,144,154,157,167,167,176,177,187,190,199,-612,-609,-601,-596,-591,-588,-581,-580,-576,-571,-568,-564,-559,-549,-547,-539,-527,-523,-516,-513,-507,-497,-484,-480,-475,-474,-471,-463,-451,-447,-442,-437,-432,-431,-423,-422,-418,-414,-408,-400,-397,-390,-389,-380,-375,-367,-366,-358,-357,-348,-343,-334,-332,-325,-314,-309,-305,-301,-300,-292	3917761	N\A	N\A	N\A	N\A	-200	200	-200	200	0.03	-5	0	0	-1	-10000	-10000	-10000	3	2000	1	N\A	-10000	89	6.35191	0	0.300402	N\A	-10000	92	MAP 1-2
P	0	94	0	-6.55385	-75.9851	22.681	1.97701	-0.498537	-0.568592	6.237	37.224	-13	-10000	0	4	1	A	0	18061	0	0.376247	-1	0	0	-10000	-196,-186,-180,-176,-163,-153,-146,-130,-120,-113,-101,-96,-91,-79,-69,-65,-63,-59,-46,-36,-29,-27,-13,-3,4,15,18,19,26,30,48,49,54,58,71,81,85,90,98,104,114,120,123,137,146,154,165,170,176,179,187,198,-412,-402,-399,-397,-387,-379,-369,-368,-363,-358,-354,-346,-335,-326,-325,-316,-312,-303,-301,-293,-282,-279,-270,-263,-250,-246,-240,-237,-229,-219,-213,-208,-654,-652,-646,-635,-629,-625,-620,-613,-602,-599,-593,-592,-583,-579,-569,-560,-557,-550,-547,-536,-527,-524,-518,-515,-507,-504,-502,-496,-492,-485,-481,-475,-471,-469,-463,-453,-452,-443,-429,-420	3920897	N\A	N\A	N\A	N\A	-200	200	-200	200	0.03	-5	0	0	-1	-10000	-10000	-10000	3	2000	1	N\A	-10000	68	2.48114	0	9.54375	N\A	-10000	92	MAP 1-2
P	0	95	0	6.98743	-76.6366	22.9503	2.13146	-0.564795	-0.563844	5.772	36.444	-109	-10000	0	4	1	A	0	18061	0	1.30193	-1	0	0	-10000	-198,-193,-185,-184,-176,-168,-166,-159,-156,-152,-151,-146,-143,-134,-126,-124,-118,-114,-109,-101,-93,-91,-81,-81,-76,-68,-68,-60,-59,-57,-49,-49,-43,-40,-39,-35,-34,-28,-26,-25,-18,-10,-7,-6,-2,4,8,15,16,24,26,32,36,41,49,49,57,58,60,67,68,76,78,82,82,88,89,93,99,102,107,111,115,121,123,133,133,141,143,148,149,153,157,165,166,174,176,182,185,190,198,199,-709,-701,-699,-692,-689,-686,-684,-679,-676,-668,-659,-657,-651,-647,-643,-634,-626,-624,-618,-615,-609,-602,-601,-592,-584,-582,-576,-572,-568,-562,-559,-551,-543,-540,-536,-534	3924301	N\A	N\A	N\A	N\A	-200	200	-200	200	0.03	-5	0	0	-1	-10000	-10000	-10000	3	2000	1	N\A	-10000	78	10.7523	0	6.37723	N\A	-10000	92	MAP 1-2
P	0	96	0	20.3016	-74.919	23.9026	2.49389	-0.447534	-0.900057	7.977	69.744	-184	-10000	0	4	1	A	0	18061	0	1.92735	-1	0	0	-10000	-199,-193,-189,-184,-176,-175,-170,-167,-165,-156,-156,-151,-146,-142,-142,-134,-133,-125,-124,-118,-114,-109,-109,-103,-100,-90,-85,-81,-76,-71,-67,-59,-59,-51,-50,-43,-39,-34,-26,-25,-17,-9,-7,-1,3,8,16,24,25,32,36,41,46,50,58,66,67,74,78,83,91,91,99,100,103,109,110,115,117,124,125,132,133,136,139,143,150,153,157,158,165,166,174,175,182,185,189,195,199,-605,-602,-593,-592,-584,-583,-580,-576,-572,-567,-562,-559,-551,-550,-540,-533,-530,-526,-518,-517,-509,-501,-497,-493,-487,-484,-476,-475,-467,-466,-460,-455,-451,-442,-434,-433,-426,-423,-418	3927608	N\A	N\A	N\A	N\A	-200	200	-200	200	0.03	-5	0	0	-1	-10000	-10000	-10000	3	2000	1	N\A	-10000	140	13.0526	0	25.8435	N\A	-10000	92	MAP 1-2
P	0	97	0	31.1264	-80.2926	23.3151	2.01131	-0.766545	-0.2563	5.97	94.542	-8	-10000	0	4	1	A	0	18061	0	1.18091	-1	0	0	-10000	-200,-198,-192,-184,-182,-175,-167,-165,-158,-156,-150,-145,-142,-133,-132,-125,-124,-116,-114,-109,-108,-100,-99,-92,-91,-83,-81,-75,-67,-66,-58,-50,-48,-42,-39,-34,-33,-28,-25,-17,-15,-8,-7,0,4,8,17,18,25,26,33,37,42,50,51,59,67,68,75,79,83,84,91,92,100,101,109,110,117,122,125,133,135,142,143,150,154,158,167,168,175,176,183,186,192,196,-508,-507,-500,-496,-491,-483,-475,-473,-466,-465,-461,-458,-452,-449,-442,-438,-433,-432,-425,-423,-417,-411,-409,-402,-399,-398,-391,-384,-380,-375,-372,-366,-358,-350,-347,-342,-337,-333,-325,-316,-315,-308	3932098	N\A	N\A	N\A	N\A	-200	200	-200	200	0.03	-5	0	0	-1	-10000	-10000	-10000	3	2000	1	N\A	-10000	166	3.18353	0	36.8761	N\A	-10000	92	MAP 1-2
P	0	98	0	-9.1393	-79.1974	7.47897	1.8271	-0.348087	-0.370832	10.221	125.856	-13	-10000	0	4	1	A	0	18061	0	1.15655	-1	0	0	-10000	-199,-196,-194,-191,-188,-183,-177,-172,-166,-162,-156,-152,-145,-144,-140,-138,-133,-129,-128,-123,-122,-113,-112,-103,-103,-100,-93,-90,-79,-76,-71,-60,-56,-46,-45,-38,-29,-28,-22,-13,-12,-5,5,6,15,20,21,28,35,38,48,56,59,62,66,71,79,88,90,94,102,105,106,112,121,122,134,137,145,154,155,171,175,178,187,188,197,-561,-560,-555,-550,-546,-545,-538,-536,-529,-526,-521,-519,-515,-513,-506,-503,-496,-488,-481,-475,-472,-471,-464,-462,-459,-454,-453,-444,-440,-439,-431,-429,-427,-421,-420,-412,-410,-406,-401,-397,-396,-391,-388,-381,-378,-377,-373,-370,-369,-358,-355	3942711	N\A	N\A	N\A	N\A	-200	200	-200	200	0.03	-5	0	0	-1	-10000	-10000	-10000	3	2000	1	N\A	-10000	154	4.80371	0	16.0482	N\A	-10000	92	MAP 1-2
P	0	99	0	1.07783	-77.4879	7.87429	1.97238	-0.34381	-0.493079	6.27	128.52	-125	-10000	0	4	1	A	0	18061	0	1.12673	-1	0	0	-10000	-198,-197,-191,-188,-179,-177,-168,-167,-164,-161,-156,-155,-147,-147,-139,-135,-135,-132,-131,-125,-122,-120,-114,-110,-104,-98,-97,-90,-88,-82,-81,-79,-73,-71,-64,-61,-56,-55,-49,-49,-40,-38,-31,-24,-18,-15,-7,-5,1,3,14,18,28,35,36,46,51,60,60,69,78,80,87,91,99,101,102,109,112,112,119,120,124,131,131,134,135,145,145,153,153,156,163,163,168,173,177,178,185,185,188,195,196,-440,-431,-430,-423,-421,-416,-413,-406,-403,-398,-397,-390,-388,-382,-380,-378,-376,-370,-365,-356,-355,-348,-347,-343,-339,-338,-334,-328,-323,-322,-317,-314,-307,-305,-299	3945987	N\A	N\A	N\A	N\A	-200	200	-200	200	0.03	-5	0	0	-1	-10000	-10000	-10000	3	2000	1	N\A	-10000	65	3.06265	0	2.92953	N\A	-10000	92	MAP 1-2
P	0	100	0	11.6887	-73.9847	9.50352	2.24526	-0.297163	-0.594737	5.463	131.019	-38	-10000	0	4	1	A	0	18061	0	0.241229	-1	0	0	-10000	-200,-195,-194,-187,-187,-177,-177,-170,-167,-163,-161,-154,-153,-146,-144,-143,-138,-133,-123,-122,-121,-113,-111,-110,-103,-103,-101,-92,-92,-87,-81,-77,-76,-71,-70,-68,-60,-59,-53,-47,-44,-38,-37,-29,-27,-20,-18,-12,-5,-4,4,6,7,13,21,25,30,30,37,39,41,47,50,56,57,61,69,73,79,80,83,89,90,93,97,99,103,106,112,113,121,123,134,139,144,146,150,152,156,164,164,170,175,179,180,184,189,191,197,197,-478,-476,-471,-470,-462,-461,-453,-445,-444,-437,-429,-428,-421,-420,-412,-410,-403,-395,-390,-387,-380,-377,-371,-369,-367,-359,-358,-354	3948226	N\A	N\A	N\A	N\A	-200	200	-200	200	0.03	-5	0	0	-1	-10000	-10000	-10000	3	2000	1	N\A	-10000	15	5.43125	0	35.0438	N\A	-10000	92	MAP 1-2
P	0	101	0	21.6051	-79.7926	8.01387	2.11627	-0.486833	-0.437143	9.258	128.949	-187	-10000	0	4	1	A	0	18061	0	0.310672	-1	0	0	-10000	-200,-198,-195,-189,-187,-178,-174,-172,-166,-162,-157,-155,-148,-148,-144,-134,-125,-123,-119,-113,-104,-103,-101,-99,-94,-91,-90,-84,-83,-81,-73,-69,-61,-57,-57,-50,-48,-40,-39,-24,-16,-14,-7,-5,5,9,13,18,19,23,27,31,34,37,45,45,50,56,59,60,67,77,77,82,89,93,93,100,104,110,120,122,133,137,143,143,149,151,155,163,167,168,173,177,183,184,187,194,-400,-398,-390,-389,-382,-380,-371,-370,-367,-361,-357,-355,-349,-345,-340,-339,-334,-330,-328,-324,-316,-314,-306,-305,-294,-291,-288,-283,-281,-275,-274,-270,-264,-260,-257,-253,-250,-245,-240,-232	3951289	N\A	N\A	N\A	N\A	-200	200	-200	200	0.03	-5	0	0	-1	-10000	-10000	-10000	3	2000	1	N\A	-10000	44	3.49953	0	3.16356	N\A	-10000	92	MAP 1-2
P	0	102	0	30.4461	-82.7309	7.28574	1.75483	-0.827322	0.053404	9.642	114.612	-45	-10000	0	4	1	A	0	18061	0	0.813169	-1	0	0	-10000	-196,-188,-179,-174,-173,-166,-162,-156,-155,-151,-146,-141,-139,-134,-129,-124,-121,-112,-109,-106,-101,-96,-91,-88,-82,-79,-72,-70,-67,-62,-58,-56,-49,-45,-39,-34,-30,-26,-25,-18,-17,-15,-12,-7,-7,4,8,9,14,16,20,26,27,36,37,42,49,59,60,71,79,79,83,89,92,100,104,111,111,116,124,125,133,135,143,143,155,159,159,166,170,176,178,185,186,188,193,197,199,-400,-396,-390,-389,-379,-375,-367,-364,-359,-357,-344,-342,-334,-332,-324,-323,-314,-306,-301,-295,-291,-290,-283,-280,-274,-273,-263,-259,-249,-246,-240,-239,-229,-221,-219,-217,-212,-208,-204	3954690	N\A	N\A	N\A	N\A	-200	200	-200	200	0.03	-5	0	0	-1	-10000	-10000	-10000	3	2000	1	N\A	-10000	43	1.84942	0	9.31329	N\A	-10000	92	MAP 1-2
P	0	103	0	38.3188	-82.2033	7.26627	1.83712	-0.653316	0.0501671	9.453	94.941	-37	-10000	0	4	1	A	0	18061	0	0.516145	-1	0	0	-10000	-199,-197,-195,-187,-184,-175,-174,-171,-166,-166,-155,-150,-150,-142,-136,-132,-132,-124,-120,-117,-112,-110,-107,-103,-100,-99,-91,-87,-80,-79,-76,-74,-70,-67,-65,-58,-55,-48,-37,-32,-25,-21,-16,-14,-6,-4,0,2,8,13,17,19,29,33,36,38,47,50,59,60,69,75,80,83,89,91,95,101,103,112,116,117,122,124,132,134,136,143,144,150,155,156,157,160,166,167,169,176,182,186,186,191,197,-549,-539,-537,-534,-526,-516,-507,-504,-496,-486,-483,-482,-475,-471,-464,-463,-454,-450,-448,-442,-437,-432,-426,-420,-417,-415,-409,-404,-399,-390,-387,-384,-376,-370,-367	3958049	N\A	N\A	N\A	N\A	-200	200	-200	200	0.03	-5	0	0	-1	-10000	-10000	-10000	3	2000	1	N\A	-10000	11	4.03962	0	0.866394	N\A	-10000	92	MAP 1-2
P	0	104	0	45.8774	-79.8072	7.43415	2.07644	-0.620175	0.0264719	5.928	89.631	-190	-10000	0	4	1	A	0	18061	0	0.688638	-1	0	0	-10000	-198,-190,-187,-182,-175,-166,-165,-157,-155,-150,-149,-142,-141,-134,-132,-131,-124,-123,-122,-112,-112,-109,-99,-99,-91,-89,-81,-80,-75,-70,-67,-66,-58,-56,-48,-47,-42,-38,-37,-33,-27,-25,-23,-17,-15,-9,-6,-4,5,10,16,18,19,25,26,36,37,41,51,52,59,68,69,75,84,91,92,95,101,106,111,114,121,122,134,135,143,146,154,158,167,168,175,176,185,186,193,197,-486,-482,-476,-474,-472,-465,-457,-454,-450,-449,-443,-441,-433,-432,-430,-425,-422,-417,-416,-411,-408,-407,-399,-398,-390,-379,-368,-366,-359,-357,-354,-348,-347,-337,-335,-332,-325,-324,-321,-316	3961548	N\A	N\A	N\A	N\A	-200	200	-200	200	0.03	-5	0	0	-1	-10000	-10000	-10000	3	2000	1	N\A	-10000	45	3.19221	0	36.2837	N\A	-10000	92	MAP 1-2
P	0	105	0	-1.9419	-76.9281	0.498265	1.91265	-0.23917	-0.457319	10.173	100.869	-54	-10000	0	4	1	A	0	18061	0	1.56981	-1	0	0	-10000	-195,-194,-186,-186,-178,-177,-172,-166,-163,-161,-154,-153,-146,-144,-137,-135,-129,-124,-120,-120,-113,-111,-104,-103,-101,-96,-91,-87,-79,-77,-71,-70,-60,-54,-49,-45,-38,-37,-27,-18,-14,-4,-4,-1,5,6,7,14,14,17,29,29,37,39,47,48,56,58,65,72,72,80,80,87,90,97,100,105,107,113,116,123,123,130,132,143,146,147,155,156,163,164,172,176,180,188,189,196,197,199,-560,-551,-550,-548,-545,-540,-538,-530,-528,-527,-518,-508,-504,-496,-494,-486,-484,-477,-476,-474,-471,-466,-465,-463,-461,-455,-453,-451,-444,-442,-436,-434,-433,-428,-420,-419,-411,-410	3964610	N\A	N\A	N\A	N\A	-200	200	-200	200	0.03	-5	0	0	-1	-10000	-10000	-10000	3	2000	1	N\A	-10000	38	3.48845	0	38.9983	N\A	-10000	92	MAP 1-2
P	0	106	0	4.28898	-81.4266	0.199873	1.76804	-0.181013	-0.287108	7.989	122.955	-102	-10000	0	4	1	A	0	18061	0	1.23658	-1	0	0	-10000	-195,-195,-187,-187,-178,-177,-171,-168,-162,-161,-154,-145,-144,-138,-135,-129,-128,-123,-121,-113,-111,-103,-102,-97,-91,-88,-86,-84,-78,-71,-70,-64,-60,-54,-46,-45,-37,-30,-27,-21,-18,-15,-12,-4,-2,5,6,12,21,26,29,38,39,46,47,54,57,62,63,71,72,80,80,90,91,96,99,104,105,112,113,115,121,123,129,131,137,146,154,155,162,164,175,179,180,188,189,195,197,198,-476,-471,-462,-461,-454,-453,-446,-444,-437,-429,-428,-421,-412,-411,-404,-402,-396,-390,-387,-379,-378,-371,-370,-359,-358,-355,-345,-338,-337,-327,-320,-318,-312,-311,-304,-296,-294,-288	3968610	N\A	N\A	N\A	N\A	-200	200	-200	200	0.03	-5	0	0	-1	-10000	-10000	-10000	3	2000	1	N\A	-10000	8	1.04021	0	44.3038	N\A	-10000	92	MAP 1-2
P	0	107	0	11.4578	-83.014	0.278217	1.84113	-0.350448	-0.250275	23.127	174.954	-62	-10000	0	4	1	A	0	18061	0	4.70473	-1	0	0	-10000	-199,-196,-195,-185,-179,-178,-171,-167,-162,-154,-152,-146,-145,-134,-129,-126,-121,-112,-104,-101,-96,-88,-79,-71,-68,-62,-61,-54,-50,-46,-37,-35,-29,-21,-18,-12,-4,-1,4,13,15,20,21,24,29,37,38,46,48,54,56,63,71,79,82,88,89,96,100,104,113,115,121,122,129,132,138,146,148,154,155,163,165,171,179,188,196,198,-850,-846,-845,-837,-835,-829,-828,-820,-818,-812,-804,-802,-795,-787,-784,-779,-770,-763,-762,-754,-752,-749,-746,-744,-732,-729,-728,-722,-718,-711,-704,-701,-696,-692,-687,-685,-679,-678,-670,-668,-662,-659,-654,-652,-645,-644,-638,-635,-628,-626	3971800	N\A	N\A	N\A	N\A	-200	200	-200	200	0.03	-5	0	0	-1	-10000	-10000	-10000	3	2000	1	N\A	-10000	66	7.68293	0	38.9048	N\A	-10000	92	MAP 1-2
P	0	108	0	18.1856	-76.777	1.24524	2.142	-0.23575	-0.46428	16.761	156.735	-48	-10000	0	4	1	A	0	18061	0	3.36752	-1	0	0	-10000	-198,-189,-184,-181,-173,-166,-164,-163,-156,-154,-148,-146,-140,-131,-130,-123,-114,-113,-106,-100,-98,-89,-81,-80,-73,-67,-65,-56,-48,-46,-39,-36,-31,-23,-14,-6,-5,2,4,10,18,19,24,27,36,37,44,49,52,60,69,70,77,79,83,86,94,102,111,116,119,121,127,136,144,146,152,154,160,165,169,170,177,186,194,-697,-689,-687,-685,-680,-679,-672,-667,-664,-655,-647,-646,-639,-634,-631,-630,-622,-614,-613,-605,-600,-597,-589,-580,-572,-570,-568,-564,-562,-555,-547,-530,-517,-515,-514,-506,-497,-496,-484,-481,-473,-464,-463,-456,-453,-451,-448,-439,-431,-430,-422,-421,-414	3977549	N\A	N\A	N\A	N\A	-200	200	-200	200	0.03	-5	0	0	-1	-10000	-10000	-10000	3	2000	1	N\A	-10000	15	2.57687	0	21.3641	N\A	-10000	92	MAP 1-2
P	0	109	0	25.5669	-78.9932	0.685837	2.0158	-0.230105	-0.273659	7.842	156.396	-39	-10000	0	4	1	A	0	18061	0	1.07799	-1	0	0	-10000	-197,-189,-188,-173,-172,-167,-163,-156,-155,-143,-140,-139,-130,-122,-121,-114,-112,-106,-97,-89,-89,-81,-72,-65,-56,-55,-48,-39,-31,-23,-22,-14,-6,3,6,10,11,19,28,36,44,61,61,70,77,80,85,94,94,103,111,112,127,144,145,153,156,161,170,177,178,186,194,-814,-806,-805,-802,-794,-790,-782,-773,-772,-764,-756,-748,-740,-739,-731,-722,-721,-715,-706,-697,-691,-688,-687,-678,-673,-672,-668,-665,-656,-655,-653,-647,-640,-638,-631,-623,-622,-615,-605,-604,-598,-589,-581,-572,-571,-564,-556,-547,-539,-538,-531,-527,-522,-514,-506,-505,-497,-489,-481,-472,-464,-456,-454,-448,-439	3981239	N\A	N\A	N\A	N\A	-200	200	-200	200	0.03	-5	0	0	-1	-10000	-10000	-10000	3	2000	1	N\A	-10000	30	5.08612	0	12.5248	N\A	-10000	92	MAP 1-2
P	0	110	0	31.8549	-80.3114	0.592135	2.09742	-0.543032	0.0125527	13.107	179.289	-14	-10000	0	4	1	A	0	18061	0	2.07618	-1	0	0	-10000	-197,-196,-189,-180,-172,-164,-163,-155,-147,-146,-139,-130,-122,-114,-113,-105,-97,-89,-81,-79,-71,-64,-55,-47,-46,-39,-31,-22,-14,-13,-5,1,4,11,16,19,20,29,36,37,45,53,61,70,78,86,94,103,104,111,120,121,128,136,137,145,153,154,161,170,178,186,187,195,-722,-713,-705,-697,-696,-689,-680,-679,-672,-664,-663,-655,-647,-646,-638,-631,-630,-622,-613,-611,-605,-598,-589,-581,-580,-572,-563,-562,-556,-547,-546,-539,-530,-529,-523,-514,-513,-506,-497,-496,-488,-480,-472,-464,-463,-455,-448,-439,-431,-430,-423,-420,-413,-412,-397,-388,-380,-379,-370,-363,-355,-347,-346,-338	3985229	N\A	N\A	N\A	N\A	-200	200	-200	200	0.03	-5	0	0	-1	-10000	-10000	-10000	3	2000	1	N\A	-10000	110	4.35415	0	22.7131	N\A	-10000	92	MAP 1-2
P	0	111	0	38.8653	-84.0817	-0.855816	1.7847	-0.384829	-0.105304	9.174	181.587	-157	-10000	0	4	1	A	0	18061	0	0.401989	-1	0	0	-10000	-198,-190,-189,-183,-179,-175,-173,-165,-157,-156,-149,-141,-140,-133,-123,-123,-115,-107,-99,-91,-89,-83,-78,-74,-68,-65,-62,-57,-56,-50,-47,-41,-39,-29,-24,-23,-15,-6,-6,3,9,27,27,35,43,59,60,67,76,84,88,92,94,101,109,126,127,144,146,152,155,161,170,177,177,185,189,193,-605,-604,-600,-591,-590,-583,-575,-572,-562,-556,-552,-547,-539,-538,-530,-525,-524,-519,-515,-506,-505,-497,-491,-487,-482,-474,-466,-458,-456,-454,-449,-441,-439,-432,-423,-422,-415,-407,-406,-399,-391,-389,-388,-381,-373,-368,-356,-355,-350,-342,-334,-329,-325,-323,-316,-308,-306,-294,-290,-281	3993155	N\A	N\A	N\A	N\A	-200	200	-200	200	0.03	-5	0	0	-1	-10000	-10000	-10000	3	2000	1	N\A	-10000	24	5.67682	0	25.7741	N\A	-10000	92	MAP 1-2
