VERSION_6_0 1-Map
P	0	1	0	10.6138	-77.8002	-8.9351	0.926284	-0.290815	0.239633	13.89	4.23	130	-10000	0	4	1	A	0	586	0	0.70846	-1	0	0	-10000	-1639,-1628,-1614,-1586,-1574,-1552,-1455,-1446,-1242,-1234,-1208,-1201,-1185,-1157,-1147,-1134,-1007,-987,-975,-966,-916,-893,-830,-772,-752,-679,-652,-588,-485,-230,-208,-185,-162,-144,-135,-99,-88,-59,-49,-17,-7,6,24,130,144,156,165,201,206,238,265,315,356,379,388,491,-1669,-1660,-1651,-1628,-1619,-1605,-1596,-1564,-1551,-1542,-1528,-1519,-1510,-1501,-1487,-1478,-1433,-1287,-1252,-1242,-1220,-1189,-1178,-1169,-1125,-1115,-1102,-1096,-1061,-1051,-1043,-1029,-1019,-997,-978,-966,-955,-943,-934,-925,-911,-879,-870,-861,-848,-816,-805,-793,-784,-775,-761,-743,-729,-676,-666,-658,-643,-634,-625,-616,-602,-593,-584,-561,-285,-261,-252,-199,-188,-176,-153,-123,-112,-103,-91,-80,-67,-35,-26,38,47,59,70,80,92,101,112,124,133,174,-519045	519050	N\A	N\A	N\A	N\A	-200	200	-200	200	0.03	-5	0	0	-1	-10000	-10000	-10000	3	2000	1	N\A	-10000	11	0.297064	0	1.00957	N\A	-10000	113	20A 1-2
P	0	2	0	15.4768	-79.3269	-7.67703	0.926284	-0.290815	0.239633	1.032	0.015	-10000	-10000	0	4	1	A	0	586	0	-10000	-1	0	0	-10000	-10000	519050	N\A	N\A	N\A	N\A	-200	200	-200	200	0.03	-5	0	0	-1	-10000	-10000	-10000	3	2000	2	N\A	-10000	0	0.302126	0	-10000	N\A	-10000	114	20A 2-3
P	0	3	0	11.7208	-77.8933	-8.92951	0.926934	-0.282571	0.246873	6.225	1.938	-108	-10000	0	4	1	A	0	586	0	0.282228	-1	0	0	-10000	-1841,-1833,-1807,-1800,-1784,-1756,-1746,-1733,-1606,-1586,-1574,-1565,-1515,-1492,-1429,-1371,-1351,-1278,-1251,-1187,-1084,-829,-807,-784,-761,-743,-734,-698,-687,-658,-648,-616,-606,-593,-575,-469,-455,-443,-434,-398,-393,-361,-334,-284,-243,-220,-211,-108,-73,-62,-49,-40,-26,1,10,24,33,39,65,101,109,119,151,241,250,263,269,353,409,-1886,-1851,-1841,-1819,-1788,-1777,-1768,-1724,-1714,-1701,-1695,-1660,-1650,-1642,-1628,-1618,-1596,-1577,-1565,-1554,-1542,-1533,-1524,-1510,-1478,-1469,-1460,-1447,-1415,-1404,-1392,-1383,-1374,-1360,-1342,-1328,-1275,-1265,-1257,-1242,-1233,-1224,-1215,-1201,-1192,-1183,-1160,-884,-860,-851,-798,-787,-775,-752,-722,-711,-702,-690,-679,-666,-634,-625,-561,-552,-540,-529,-519,-507,-498,-487,-475,-466,-425,-411,-402,-393,-380,-519644	519649	N\A	N\A	N\A	N\A	-200	200	-200	200	0.03	-5	0	0	-1	-10000	-10000	-10000	3	2000	1	N\A	-10000	12	0.676414	0	0.324481	N\A	-10000	113	20A 1-2
P	0	4	0	16.5872	-79.3768	-7.63343	0.926934	-0.28257	0.246873	0.567	0.012	-10000	-10000	0	4	1	A	0	586	0	-10000	-1	0	0	-10000	-10000	519649	N\A	N\A	N\A	N\A	-200	200	-200	200	0.03	-5	0	0	-1	-10000	-10000	-10000	3	2000	2	N\A	-10000	0	0.676992	0	-10000	N\A	-10000	114	20A 2-3
P	0	5	0	11.9519	-77.888	-8.92356	0.932595	-0.267755	0.242019	2.457	0.93	162	-10000	0	4	1	A	0	586	0	0.124052	-1	0	0	-10000	-1905,-1650,-1628,-1605,-1582,-1564,-1555,-1519,-1508,-1479,-1469,-1437,-1427,-1414,-1396,-1290,-1276,-1264,-1255,-1219,-1214,-1182,-1155,-1105,-1064,-1041,-1032,-929,-894,-883,-870,-861,-847,-820,-811,-797,-788,-782,-756,-720,-712,-702,-670,-580,-571,-558,-552,-468,-412,-283,-276,-85,143,162,179,219,270,292,306,311,349,365,379,390,405,426,434,453,461,497,-1981,-1705,-1681,-1672,-1619,-1608,-1596,-1573,-1543,-1532,-1523,-1511,-1500,-1487,-1455,-1446,-1382,-1373,-1361,-1350,-1340,-1328,-1319,-1308,-1296,-1287,-1246,-1232,-1223,-1214,-1201,-1169,-1160,-1147,-1138,-1128,-1114,-1096,-1082,-1073,-1020,-1011,-997,-988,-979,-965,-956,-947,-937,-914,-902,-882,-870,-861,-838,-829,-820,-806,-774,-765,-743,-732,-724,-688,-679,-670,-656,-647,-638,-570,-561,-552,-538,-465,-456,-453,-520465	520470	N\A	N\A	N\A	N\A	-200	200	-200	200	0.03	-5	0	0	-1	-10000	-10000	-10000	3	2000	1	N\A	-10000	338	0.014507	0	0.118432	N\A	-10000	113	20A 1-2
P	0	6	0	16.848	-79.2937	-7.65296	0.932595	-0.267755	0.242019	0.24	0.012	-10000	-10000	0	4	1	A	0	586	0	-10000	-1	0	0	-10000	-10000	520470	N\A	N\A	N\A	N\A	-200	200	-200	200	0.03	-5	0	0	-1	-10000	-10000	-10000	3	2000	2	N\A	-10000	0	0.0348751	0	-10000	N\A	-10000	114	20A 2-3
P	0	7	0	13.2472	-77.8639	-8.87165	0.927917	-0.267104	0.260049	8.91	2.427	59	-10000	0	4	1	A	0	586	0	0.242905	-1	0	0	-10000	-1981,-1971,-1939,-1929,-1916,-1898,-1792,-1778,-1766,-1757,-1721,-1716,-1684,-1657,-1607,-1566,-1543,-1534,-1431,-1396,-1385,-1372,-1363,-1349,-1322,-1313,-1299,-1290,-1284,-1258,-1222,-1214,-1204,-1172,-1082,-1073,-1060,-1054,-970,-914,-785,-778,-587,-359,-340,-323,-283,-232,-210,-196,-191,-153,-137,-123,-112,-97,-76,-68,-49,-41,-5,6,27,35,59,118,127,134,158,250,264,274,280,324,332,421,-1989,-1957,-1948,-1884,-1875,-1863,-1852,-1842,-1830,-1821,-1810,-1798,-1789,-1748,-1734,-1725,-1716,-1703,-1671,-1662,-1649,-1640,-1630,-1616,-1598,-1584,-1575,-1522,-1513,-1499,-1490,-1481,-1467,-1458,-1449,-1439,-1416,-1404,-1384,-1372,-1363,-1340,-1331,-1322,-1308,-1276,-1267,-1245,-1234,-1226,-1190,-1181,-1172,-1158,-1149,-1140,-1072,-1063,-1054,-1040,-967,-958,-955,-914,-414,-405,-391,-382,-370,-305,-520967	520972	N\A	N\A	N\A	N\A	-200	200	-200	200	0.03	-5	0	0	-1	-10000	-10000	-10000	3	2000	1	N\A	-10000	23	0.971806	0	0.260757	N\A	-10000	113	20A 1-2
P	0	8	0	18.1187	-79.2662	-7.50639	0.927917	-0.267105	0.260049	0.705	0.012	-10000	-10000	0	4	1	A	0	586	0	-10000	-1	0	0	-10000	-10000	520972	N\A	N\A	N\A	N\A	-200	200	-200	200	0.03	-5	0	0	-1	-10000	-10000	-10000	3	2000	2	N\A	-10000	0	0.954388	0	-10000	N\A	-10000	114	20A 2-3
P	0	9	0	16.0486	-77.7487	-8.83181	0.908625	-0.292274	0.298289	4.998	1.545	-198	-10000	0	4	1	A	0	586	0	0.24838	-1	0	0	-10000	-1991,-1982,-1879,-1844,-1833,-1820,-1811,-1797,-1770,-1761,-1747,-1738,-1732,-1706,-1670,-1662,-1652,-1620,-1530,-1521,-1508,-1502,-1418,-1362,-1233,-1226,-1035,-807,-788,-771,-731,-680,-658,-644,-639,-601,-585,-571,-560,-545,-524,-516,-497,-489,-453,-442,-421,-413,-389,-330,-321,-314,-290,-198,-184,-174,-168,-124,-116,-27,78,96,104,143,199,211,237,296,325,355,373,431,-1970,-1961,-1947,-1938,-1929,-1915,-1906,-1897,-1887,-1864,-1852,-1832,-1820,-1811,-1788,-1779,-1770,-1756,-1724,-1715,-1693,-1682,-1674,-1638,-1629,-1620,-1606,-1597,-1588,-1520,-1511,-1502,-1488,-1415,-1406,-1403,-1362,-862,-853,-839,-830,-818,-753,-744,-721,-712,-703,-671,-648,-617,-603,-562,-553,-539,-530,-521,-498,-489,-477,-468,-435,-424,-380,-371,-359,-348,-318,-304,-295,-286,-272,-263,-231,-221,-521415	521420	N\A	N\A	N\A	N\A	-200	200	-200	200	0.03	-5	0	0	-1	-10000	-10000	-10000	3	2000	1	N\A	-10000	244	1.44936	0	0.371557	N\A	-10000	113	20A 1-2
P	0	10	0	20.8188	-79.2832	-7.26579	0.908625	-0.292274	0.298289	0.522	0.012	-10000	-10000	0	4	1	A	0	586	0	-10000	-1	0	0	-10000	-10000	521420	N\A	N\A	N\A	N\A	-200	200	-200	200	0.03	-5	0	0	-1	-10000	-10000	-10000	3	2000	2	N\A	-10000	0	1.39502	0	-10000	N\A	-10000	114	20A 2-3
P	0	11	0	17.5058	-77.7936	-8.82171	0.898175	-0.30822	0.313499	4.281	1.761	7	-10000	0	4	1	A	0	586	0	0.213754	-1	0	0	-10000	-1995,-1959,-1951,-1941,-1909,-1819,-1810,-1797,-1791,-1707,-1651,-1522,-1515,-1324,-1096,-1077,-1060,-1020,-969,-947,-933,-928,-890,-874,-860,-849,-834,-813,-805,-786,-778,-742,-731,-710,-702,-678,-619,-610,-603,-579,-487,-473,-463,-457,-413,-405,-316,-211,-193,-185,-146,-90,-78,-52,7,36,66,84,142,398,492,-1982,-1971,-1963,-1927,-1918,-1909,-1895,-1886,-1877,-1809,-1800,-1791,-1777,-1704,-1695,-1692,-1651,-1151,-1142,-1128,-1119,-1107,-1042,-1033,-1010,-1001,-992,-960,-937,-906,-892,-851,-842,-828,-819,-810,-787,-778,-766,-757,-724,-713,-669,-660,-648,-637,-607,-593,-584,-575,-561,-552,-520,-510,-499,-478,-469,-448,-434,-425,-307,-202,-189,-179,-170,-125,-93,-84,-70,-64,-52,-43,-29,-20,-7,2,25,43,57,66,75,89,98,107,471,-521704	521709	N\A	N\A	N\A	N\A	-200	200	-200	200	0.03	-5	0	0	-1	-10000	-10000	-10000	3	2000	1	N\A	-10000	205	1.45795	0	0.27857	N\A	-10000	113	20A 1-2
P	0	12	0	22.2212	-79.4117	-7.17584	0.898175	-0.30822	0.313499	0.363	0.012	-10000	-10000	0	4	1	A	0	586	0	-10000	-1	0	0	-10000	-10000	521709	N\A	N\A	N\A	N\A	-200	200	-200	200	0.03	-5	0	0	-1	-10000	-10000	-10000	3	2000	2	N\A	-10000	0	1.41112	0	-10000	N\A	-10000	114	20A 2-3
P	0	13	0	20.7197	-77.8413	-8.65652	0.874587	-0.291089	0.387768	6.714	1.596	76	-10000	0	4	1	A	0	586	0	0.327928	-1	0	0	-10000	-1813,-1585,-1566,-1549,-1509,-1458,-1436,-1422,-1417,-1379,-1363,-1349,-1338,-1323,-1302,-1294,-1275,-1267,-1231,-1220,-1199,-1191,-1167,-1108,-1099,-1092,-1068,-976,-962,-952,-946,-902,-894,-805,-700,-682,-674,-635,-579,-567,-541,-482,-453,-423,-405,-347,-91,3,15,50,76,94,104,448,476,494,-1640,-1631,-1617,-1608,-1596,-1531,-1522,-1499,-1490,-1481,-1449,-1426,-1395,-1381,-1340,-1331,-1317,-1308,-1299,-1276,-1267,-1255,-1246,-1213,-1202,-1158,-1149,-1137,-1126,-1096,-1082,-1073,-1064,-1050,-1041,-1009,-999,-988,-967,-958,-937,-923,-914,-796,-691,-678,-668,-659,-614,-582,-573,-559,-553,-541,-532,-518,-509,-496,-487,-464,-446,-432,-423,-414,-400,-391,-382,-18,-6,3,15,26,35,47,109,121,132,144,153,430,440,453,462,473,485,494	522198	N\A	N\A	N\A	N\A	-200	200	-200	200	0.03	-5	0	0	-1	-10000	-10000	-10000	3	2000	1	N\A	-10000	251	2.15327	0	0.48715	N\A	-10000	113	20A 1-2
P	0	14	0	25.3113	-79.3695	-6.62074	0.874587	-0.291089	0.387768	0.354	0.018	-10000	-10000	0	4	1	A	0	586	0	-10000	-1	0	0	-10000	-10000	522198	N\A	N\A	N\A	N\A	-200	200	-200	200	0.03	-5	0	0	-1	-10000	-10000	-10000	3	2000	2	N\A	-10000	0	2.10095	0	-10000	N\A	-10000	114	20A 2-3
P	0	15	0	24.0572	-77.8073	-8.45266	0.837701	-0.289219	0.46326	3.327	0.384	149	-10000	0	4	1	A	0	586	0	0.058559	-1	0	0	-10000	-1936,-1917,-1900,-1860,-1809,-1787,-1773,-1768,-1730,-1714,-1700,-1689,-1674,-1653,-1645,-1626,-1618,-1582,-1571,-1550,-1542,-1518,-1459,-1450,-1443,-1419,-1327,-1313,-1303,-1297,-1253,-1245,-1156,-1051,-1033,-1025,-986,-930,-918,-892,-833,-804,-774,-756,-698,-442,-348,-336,-301,-275,-257,-247,97,125,149,166,178,216,225,357,433,495,-1991,-1982,-1968,-1959,-1947,-1882,-1873,-1850,-1841,-1832,-1800,-1777,-1746,-1732,-1691,-1682,-1668,-1659,-1650,-1627,-1618,-1606,-1597,-1564,-1553,-1509,-1500,-1488,-1477,-1447,-1433,-1424,-1415,-1401,-1392,-1360,-1350,-1339,-1318,-1309,-1288,-1274,-1265,-1147,-1042,-1029,-1019,-1010,-965,-933,-924,-910,-904,-892,-883,-869,-860,-847,-838,-815,-797,-783,-774,-765,-751,-742,-733,-369,-357,-348,-336,-325,-316,-304,-242,-230,-219,-207,-198,79,89,102,111,122,-522544	522549	N\A	N\A	N\A	N\A	-200	200	-200	200	0.03	-5	0	0	-1	-10000	-10000	-10000	3	2000	1	N\A	-10000	73	3.34388	0	0.130415	N\A	-10000	113	20A 1-2
P	0	16	0	28.4551	-79.3257	-6.02054	0.837701	-0.289219	0.46326	0.342	0.021	-10000	-10000	0	4	1	A	0	586	0	-10000	-1	0	0	-10000	-10000	522549	N\A	N\A	N\A	N\A	-200	200	-200	200	0.03	-5	0	0	-1	-10000	-10000	-10000	3	2000	2	N\A	-10000	0	3.20091	0	-10000	N\A	-10000	114	20A 2-3
P	0	17	0	28.321	-78.0313	-8.77947	0.778283	-0.30668	0.547927	6.642	1.839	46	-10000	0	4	1	A	0	586	0	0.208427	-1	0	0	-10000	-1999,-1991,-1967,-1908,-1899,-1892,-1868,-1776,-1762,-1752,-1746,-1702,-1694,-1605,-1500,-1482,-1474,-1435,-1379,-1367,-1341,-1282,-1253,-1223,-1205,-1147,-891,-797,-785,-750,-724,-706,-696,-352,-324,-300,-283,-271,-233,-224,-92,-16,46,61,112,117,153,388,443,465,493,-2000,-1958,-1949,-1937,-1926,-1896,-1882,-1873,-1864,-1850,-1841,-1809,-1799,-1788,-1767,-1758,-1737,-1723,-1714,-1596,-1491,-1478,-1468,-1459,-1414,-1382,-1373,-1359,-1353,-1341,-1332,-1318,-1309,-1296,-1287,-1264,-1246,-1232,-1223,-1214,-1200,-1191,-1182,-818,-806,-797,-785,-774,-765,-753,-691,-679,-668,-656,-647,-370,-360,-347,-338,-327,-315,-306,-285,-274,-265,-251,-220,-83,-71,-60,-47,-38,-29,-6,3,15,58,67,76,90,99,121,132,144,399,408,420,429,440,449,471,484,494	522998	N\A	N\A	N\A	N\A	-200	200	-200	200	0.03	-5	0	0	-1	-10000	-10000	-10000	3	2000	1	N\A	-10000	103	4.28212	0	0.247379	N\A	-10000	113	20A 1-2
P	0	18	0	32.4069	-79.6414	-5.90286	0.778283	-0.30668	0.547927	0.477	0.015	-10000	-10000	0	4	1	A	0	586	0	-10000	-1	0	0	-10000	-10000	522998	N\A	N\A	N\A	N\A	-200	200	-200	200	0.03	-5	0	0	-1	-10000	-10000	-10000	3	2000	2	N\A	-10000	0	3.96614	0	-10000	N\A	-10000	114	20A 2-3
P	0	19	0	35.4128	-77.9087	-8.78748	0.681932	-0.386076	0.621219	2.802	1.542	-24	-10000	0	4	1	A	0	586	0	0.354167	-1	0	0	-10000	-1978,-1722,-1628,-1616,-1581,-1555,-1537,-1527,-1183,-1155,-1131,-1114,-1102,-1064,-1055,-923,-847,-785,-770,-719,-714,-678,-443,-388,-366,-338,-210,-197,-174,-79,-70,-51,-24,3,36,57,204,402,413,436,451,465,476,-1649,-1637,-1628,-1616,-1605,-1596,-1584,-1522,-1510,-1499,-1487,-1478,-1201,-1191,-1178,-1169,-1158,-1146,-1137,-1116,-1105,-1096,-1082,-1051,-914,-902,-891,-878,-869,-860,-837,-828,-816,-773,-764,-755,-741,-732,-710,-699,-687,-432,-423,-411,-402,-391,-382,-360,-347,-337,-328,-314,-305,-229,-102,-91,-61,-47,-38,-17,-6,7,16,27,36,39,71,207,218,366,380,389,398,412,421,430,453,471,485,494	523829	N\A	N\A	N\A	N\A	-200	200	-200	200	0.03	-5	0	0	-1	-10000	-10000	-10000	3	2000	1	N\A	-10000	87	2.1413	0	0.587703	N\A	-10000	113	20A 1-2
P	0	20	0	38.993	-79.9356	-5.52608	0.681932	-0.386076	0.621219	0.348	0.012	-10000	-10000	0	4	1	A	0	586	0	-10000	-1	0	0	-10000	-10000	523829	N\A	N\A	N\A	N\A	-200	200	-200	200	0.03	-5	0	0	-1	-10000	-10000	-10000	3	2000	2	N\A	-10000	0	1.98045	0	-10000	N\A	-10000	114	20A 2-3
P	0	21	0	38.3565	-77.886	-8.67748	0.627719	-0.399516	0.668099	5.271	3.891	135	-10000	0	4	1	A	0	586	0	0.771171	-1	0	0	-10000	-1989,-1895,-1883,-1848,-1822,-1804,-1794,-1450,-1422,-1398,-1381,-1369,-1331,-1322,-1190,-1114,-1052,-1037,-986,-981,-945,-710,-655,-633,-605,-477,-464,-441,-346,-337,-318,-291,-264,-231,-210,-63,135,146,169,184,198,209,233,249,259,328,355,429,450,463,-1916,-1904,-1895,-1883,-1872,-1863,-1851,-1789,-1777,-1766,-1754,-1745,-1468,-1458,-1445,-1436,-1425,-1413,-1404,-1383,-1372,-1363,-1349,-1318,-1181,-1169,-1158,-1145,-1136,-1127,-1104,-1095,-1083,-1040,-1031,-1022,-1008,-999,-977,-966,-954,-699,-690,-678,-669,-658,-649,-627,-614,-604,-595,-581,-572,-496,-369,-358,-328,-314,-305,-284,-273,-260,-251,-240,-231,-228,-196,-60,-49,99,113,122,131,145,154,163,186,204,218,227,236,240,272,281,290,304,313,322,366,377,386,399,413,422,454,472,-524091	524096	N\A	N\A	N\A	N\A	-200	200	-200	200	0.03	-5	0	0	-1	-10000	-10000	-10000	3	2000	1	N\A	-10000	159	2.9458	0	1.16118	N\A	-10000	113	20A 1-2
P	0	22	0	41.652	-79.9834	-5.16996	0.627719	-0.399516	0.668099	0.456	0.027	-10000	-10000	0	4	1	A	0	586	0	-10000	-1	0	0	-10000	-10000	524096	N\A	N\A	N\A	N\A	-200	200	-200	200	0.03	-5	0	0	-1	-10000	-10000	-10000	3	2000	2	N\A	-10000	0	2.6832	0	-10000	N\A	-10000	114	20A 2-3
P	0	23	0	47.9303	-77.9697	-8.42439	0.41728	-0.458627	0.784563	24.687	11.136	-185	-10000	0	4	1	A	0	586	0	1.80632	-1	0	0	-10000	-1963,-1935,-1911,-1894,-1882,-1844,-1835,-1703,-1627,-1565,-1550,-1499,-1494,-1458,-1223,-1168,-1146,-1118,-990,-977,-954,-859,-850,-831,-804,-777,-744,-723,-576,-378,-367,-344,-329,-315,-304,-280,-264,-254,-185,-158,-84,-63,-50,3,109,121,164,173,182,268,413,444,-1981,-1971,-1958,-1949,-1938,-1926,-1917,-1896,-1885,-1876,-1862,-1831,-1694,-1682,-1671,-1658,-1649,-1640,-1617,-1608,-1596,-1553,-1544,-1535,-1521,-1512,-1490,-1479,-1467,-1212,-1203,-1191,-1182,-1171,-1162,-1140,-1127,-1117,-1108,-1094,-1085,-1009,-882,-871,-841,-827,-818,-797,-786,-773,-764,-753,-744,-741,-709,-573,-562,-414,-400,-391,-382,-368,-359,-350,-327,-309,-295,-286,-277,-273,-241,-232,-223,-209,-200,-191,-147,-136,-127,-114,-100,-91,-59,-41,-29,-18,-9,91,141,164,271,355,367,377,-524604	524609	N\A	N\A	N\A	N\A	-200	200	-200	200	0.03	-5	0	0	-1	-10000	-10000	-10000	3	2000	1	N\A	-10000	320	9.57756	0	2.33415	N\A	-10000	113	20A 1-2
P	0	24	0	50.121	-80.3775	-4.30543	0.41728	-0.458627	0.784563	1.626	0.024	-10000	-10000	0	4	1	A	0	586	0	-10000	-1	0	0	-10000	452	524609	N\A	N\A	N\A	N\A	-200	200	-200	200	0.03	-5	0	0	-1	-10000	-10000	-10000	3	2000	2	N\A	-10000	0	8.52218	0	-10000	N\A	-10000	114	20A 2-3
P	0	25	0	55.2132	-77.9451	-8.22709	0.16394	-0.503433	0.848339	1.989	1.089	-153	-10000	0	4	1	A	0	586	0	0.176083	-1	0	0	-10000	-1789,-1734,-1712,-1684,-1556,-1543,-1520,-1425,-1416,-1397,-1370,-1343,-1310,-1289,-1142,-944,-933,-910,-895,-881,-870,-846,-830,-820,-751,-724,-650,-629,-616,-563,-457,-445,-402,-393,-384,-298,-153,-122,110,248,442,-1778,-1769,-1757,-1748,-1737,-1728,-1706,-1693,-1683,-1674,-1660,-1651,-1575,-1448,-1437,-1407,-1393,-1384,-1363,-1352,-1339,-1330,-1319,-1310,-1307,-1275,-1139,-1128,-980,-966,-957,-948,-934,-925,-916,-893,-875,-861,-852,-843,-839,-807,-798,-789,-775,-766,-757,-713,-702,-693,-680,-666,-657,-625,-607,-595,-584,-575,-475,-425,-402,-295,-211,-199,-189,-178,-166,-138,-125,-116,-102,-93,-84,98,260	525175	N\A	N\A	N\A	N\A	-200	200	-200	200	0.03	-5	0	0	-1	-10000	-10000	-10000	3	2000	1	N\A	-10000	32	7.28556	0	0.219609	N\A	-10000	113	20A 1-2
P	0	26	0	56.0739	-80.5881	-3.77331	0.163941	-0.503434	0.848338	0.483	0.057	-114	-10000	0	4	1	A	0	586	0	0.0147278	-1	0	0	-10000	-114	525175	N\A	N\A	N\A	N\A	-200	200	-200	200	0.03	-5	0	0	-1	-10000	-10000	-10000	3	2000	1	N\A	-10000	10000	5.98025	0	0.0102512	N\A	-10000	114	20A 2-3
P	0	27	0	58.0707	-77.9088	-7.89128	-0.0129161	-0.527771	0.849288	0.687	0.093	-124	-10000	0	4	1	A	0	586	0	0.0296065	-1	0	0	-10000	-1928,-1915,-1892,-1797,-1788,-1769,-1742,-1715,-1682,-1661,-1514,-1316,-1305,-1282,-1267,-1253,-1242,-1218,-1202,-1192,-1123,-1096,-1022,-1001,-988,-935,-829,-817,-774,-765,-756,-670,-525,-494,-262,-124,70,132,156,162,187,197,214,219,285,367,453,-1947,-1820,-1809,-1779,-1765,-1756,-1735,-1724,-1711,-1702,-1691,-1682,-1679,-1647,-1511,-1500,-1352,-1338,-1329,-1320,-1306,-1297,-1288,-1265,-1247,-1233,-1224,-1215,-1211,-1179,-1170,-1161,-1147,-1138,-1129,-1085,-1074,-1065,-1052,-1038,-1029,-997,-979,-967,-956,-947,-847,-797,-774,-667,-583,-571,-561,-550,-538,-510,-497,-488,-474,-465,-456,-274,-112,174,206,220,247,261,279,293,303,314,325,335,379,461,475,485	525547	N\A	N\A	N\A	N\A	-200	200	-200	200	0.03	-5	0	0	-1	-10000	-10000	-10000	3	2000	1	N\A	-10000	29	2.87746	0	0.0145027	N\A	-10000	113	20A 1-2
P	0	28	0	58.0029	-80.6796	-3.43252	-0.0129161	-0.527771	0.849288	0.768	0.024	-10000	-10000	0	4	1	A	0	586	0	-10000	-1	0	0	-10000	-486,453	525547	N\A	N\A	N\A	N\A	-200	200	-200	200	0.03	-5	0	0	-1	-10000	-10000	-10000	3	2000	2	N\A	-10000	10000	1.96109	0	-10000	N\A	-10000	114	20A 2-3
P	0	29	0	58.9934	-77.8966	-7.7703	-0.292313	-0.654738	0.697045	13.326	3.96	168	-10000	0	4	1	A	0	586	0	0.640163	-1	0	0	-10000	-1903,-1892,-1869,-1854,-1840,-1829,-1805,-1789,-1779,-1710,-1683,-1609,-1588,-1575,-1522,-1416,-1404,-1361,-1352,-1343,-1257,-1112,-1081,-849,-711,-517,-455,-431,-425,-400,-390,-373,-368,-302,-220,-134,-81,-72,-61,65,98,142,157,168,324,331,360,365,388,397,406,451,-1939,-1925,-1916,-1907,-1893,-1884,-1875,-1852,-1834,-1820,-1811,-1802,-1798,-1766,-1757,-1748,-1734,-1725,-1716,-1672,-1661,-1652,-1639,-1625,-1616,-1584,-1566,-1554,-1543,-1534,-1434,-1384,-1361,-1254,-1170,-1158,-1148,-1137,-1125,-1097,-1084,-1075,-1061,-1052,-1043,-861,-699,-413,-381,-367,-340,-326,-308,-294,-284,-273,-262,-252,-208,-126,-112,-102,-48,-35,-26,-19,34,47,56,88,110,119,151,174,183,196,206,219,228,315,324,331,345,356,366,378,410,419,433,442	526134	N\A	N\A	N\A	N\A	-200	200	-200	200	0.03	-5	0	0	-1	-10000	-10000	-10000	3	2000	1	N\A	-10000	292	0.930669	0	0.734459	N\A	-10000	113	20A 1-2
P	0	30	0	55.1203	-86.5719	1.46555	-0.292313	-0.654738	0.697045	1.557	0.057	-134	-10000	0	4	1	A	0	586	0	0.0234795	-1	0	0	-10000	-1073,-134	526134	N\A	N\A	N\A	N\A	-200	200	-200	200	0.03	-5	0	0	-1	-10000	-10000	-10000	3	2000	0	N\A	-10000	10000	1.08829	0	0.0215437	N\A	-10000	114	20A 2-3
P	0	31	0	59.0055	-77.8328	-7.92729	-0.670651	-0.574461	0.469277	9.081	0.606	-161	-10000	0	4	1	A	0	586	0	0.099031	-1	0	0	-10000	-1908,-1896,-1853,-1844,-1835,-1749,-1604,-1573,-1341,-1203,-1009,-947,-923,-917,-892,-882,-865,-860,-794,-712,-626,-573,-564,-553,-427,-394,-350,-335,-324,-168,-161,-132,-127,-104,-95,-86,-41,59,65,86,259,427,441,470,-1926,-1876,-1853,-1746,-1662,-1650,-1640,-1629,-1617,-1589,-1576,-1567,-1553,-1544,-1535,-1353,-1191,-905,-873,-859,-832,-818,-800,-786,-776,-765,-754,-744,-700,-618,-604,-594,-540,-527,-518,-511,-458,-445,-436,-404,-382,-373,-341,-318,-309,-296,-286,-273,-264,-177,-168,-161,-147,-136,-126,-114,-82,-73,-59,-50,14,35,68,77,88,121,238,250,268,282,418,441,450,459,473	526626	N\A	N\A	N\A	N\A	-200	200	-200	200	0.03	-5	0	0	-1	-10000	-10000	-10000	3	2000	1	N\A	-10000	85	0.125052	0	0.0497963	N\A	-10000	113	20A 1-2
P	0	32	0	55.4846	-80.8487	-5.46359	-0.670651	-0.574461	0.469277	0.873	0.024	-10000	-10000	0	4	1	A	0	586	0	-10000	-1	0	0	-10000	-1565,-626	526626	N\A	N\A	N\A	N\A	-200	200	-200	200	0.03	-5	0	0	-1	-10000	-10000	-10000	3	2000	2	N\A	-10000	0	1.09757	0	-10000	N\A	-10000	114	20A 2-3
P	0	33	0	59.0597	-77.9684	-7.98599	-0.703013	-0.550626	0.450094	0.981	0.465	15	-10000	0	4	1	A	0	586	0	0.0786064	-1	0	0	-10000	-1993,-1848,-1817,-1585,-1447,-1253,-1191,-1167,-1161,-1136,-1126,-1109,-1104,-1038,-956,-870,-817,-808,-797,-671,-638,-594,-579,-568,-412,-405,-376,-371,-348,-339,-330,-285,-185,-179,-158,15,183,197,226,388,434,483,-1990,-1906,-1894,-1884,-1873,-1861,-1833,-1820,-1811,-1797,-1788,-1779,-1597,-1435,-1149,-1117,-1103,-1076,-1062,-1044,-1030,-1020,-1009,-998,-988,-944,-862,-848,-838,-784,-771,-762,-755,-702,-689,-680,-648,-626,-617,-585,-562,-553,-540,-530,-517,-508,-421,-412,-405,-391,-380,-370,-358,-326,-317,-303,-294,-230,-209,-176,-167,-156,-123,-6,6,24,38,174,197,206,215,229,379,397,409,420,429,442,452,465,474,483,497	526870	N\A	N\A	N\A	N\A	-200	200	-200	200	0.03	-5	0	0	-1	-10000	-10000	-10000	3	2000	1	N\A	-10000	176	0.157367	0	0.0991165	N\A	-10000	113	20A 1-2
P	0	34	0	55.3689	-80.8592	-5.623	-0.703013	-0.550626	0.450094	0.531	0.024	-10000	-10000	0	4	1	A	0	586	0	-10000	-1	0	0	-10000	-1809,-870	526870	N\A	N\A	N\A	N\A	-200	200	-200	200	0.03	-5	0	0	-1	-10000	-10000	-10000	3	2000	2	N\A	-10000	0	0.197281	0	-10000	N\A	-10000	114	20A 2-3
P	0	35	0	59.0354	-82.3027	-7.98671	-0.595637	-0.566452	0.569516	1.713	1.014	-22	-10000	0	4	1	A	0	586	0	0.194689	-1	0	0	-10000	-1903,-1709,-1647,-1623,-1617,-1592,-1582,-1565,-1560,-1494,-1412,-1326,-1273,-1264,-1253,-1127,-1094,-1050,-1035,-1024,-868,-861,-832,-827,-804,-795,-786,-741,-641,-635,-614,-441,-273,-259,-230,-68,-22,27,59,73,82,135,146,159,164,377,-1891,-1605,-1573,-1559,-1532,-1518,-1500,-1486,-1476,-1465,-1454,-1444,-1400,-1318,-1304,-1294,-1240,-1227,-1218,-1211,-1158,-1145,-1136,-1104,-1082,-1073,-1041,-1018,-1009,-996,-986,-973,-964,-877,-868,-861,-847,-836,-826,-814,-782,-773,-759,-750,-686,-665,-632,-623,-612,-579,-462,-450,-432,-418,-282,-259,-250,-241,-227,-77,-59,-47,-36,-27,-14,-4,9,18,27,41,50,68,91,103,114,123,155,168,177	527326	N\A	N\A	N\A	N\A	-200	200	-200	200	0.03	-5	0	0	-1	-10000	-10000	-10000	3	2000	1	N\A	-10000	200	2.76996	0	0.227347	N\A	-10000	113	20A 1-2
P	0	37	0	58.9444	-89.485	-8.13877	-0.526238	-0.538137	0.658394	2.43	0.72	164	-10000	0	4	1	A	0	586	0	0.0757531	-1	0	0	-10000	-1998,-1916,-1830,-1777,-1768,-1757,-1631,-1598,-1554,-1539,-1528,-1372,-1365,-1336,-1331,-1308,-1299,-1290,-1245,-1145,-1139,-1118,-945,-777,-763,-734,-572,-526,-477,-445,-431,-422,-369,-358,-345,-340,-127,-4,87,113,155,164,205,240,249,260,269,314,325,331,355,364,387,396,419,454,-1990,-1980,-1969,-1958,-1948,-1904,-1822,-1808,-1798,-1744,-1731,-1722,-1715,-1662,-1649,-1640,-1608,-1586,-1577,-1545,-1522,-1513,-1500,-1490,-1477,-1468,-1381,-1372,-1365,-1351,-1340,-1330,-1318,-1286,-1277,-1263,-1254,-1190,-1169,-1136,-1127,-1116,-1083,-966,-954,-936,-922,-786,-763,-754,-745,-731,-581,-563,-551,-540,-531,-518,-508,-495,-486,-477,-463,-454,-436,-413,-401,-390,-381,-349,-336,-327,46,69,78,122,132,142,187,196,228,237,281,292,304,337,346,378,387,399,-527825	527830	N\A	N\A	N\A	N\A	-200	200	-200	200	0.03	-5	0	0	-1	-10000	-10000	-10000	3	2000	1	N\A	-10000	340	3.01955	0	0.0746646	N\A	-10000	113	20A 1-2
P	0	38	0	56.1817	-92.3102	-4.6822	-0.526238	-0.538137	0.658394	0.252	0.012	-10000	-10000	0	4	1	A	0	586	0	-10000	-1	0	0	-10000	-1830	527830	N\A	N\A	N\A	N\A	-200	200	-200	200	0.03	-5	0	0	-1	-10000	-10000	-10000	3	2000	2	N\A	-10000	0	2.95339	0	-10000	N\A	-10000	114	20A 2-3
P	0	39	0	58.8948	-92.0142	-8.22804	-0.498262	-0.519389	0.694241	2.772	0.72	109	-10000	0	4	1	A	0	586	0	0.0901206	-1	0	0	-10000	-1877,-1844,-1800,-1785,-1774,-1618,-1611,-1582,-1577,-1554,-1545,-1536,-1491,-1391,-1385,-1364,-1191,-1023,-1009,-980,-818,-772,-723,-691,-677,-668,-615,-604,-591,-586,-373,-250,-159,-133,-91,-82,-41,-6,3,14,23,68,79,85,109,118,141,150,173,208,268,282,322,332,341,459,473,482,-1990,-1977,-1968,-1961,-1908,-1895,-1886,-1854,-1832,-1823,-1791,-1768,-1759,-1746,-1736,-1723,-1714,-1627,-1618,-1611,-1597,-1586,-1576,-1564,-1532,-1523,-1509,-1500,-1436,-1415,-1382,-1373,-1362,-1329,-1212,-1200,-1182,-1168,-1032,-1009,-1000,-991,-977,-827,-809,-797,-786,-777,-764,-754,-741,-732,-723,-709,-700,-682,-659,-647,-636,-627,-595,-582,-573,-200,-177,-168,-124,-114,-104,-59,-50,-18,-9,35,46,58,91,100,132,141,153,163,182,205,217,227,236,249,-528071	528076	N\A	N\A	N\A	N\A	-200	200	-200	200	0.03	-5	0	0	-1	-10000	-10000	-10000	3	2000	1	N\A	-10000	55	2.53131	0	0.064567	N\A	-10000	113	20A 1-2
P	0	40	0	56.279	-94.741	-4.58328	-0.498262	-0.519389	0.694241	0.306	0.015	-10000	-10000	0	4	1	A	0	586	0	-10000	-1	0	0	-10000	-10000	528076	N\A	N\A	N\A	N\A	-200	200	-200	200	0.03	-5	0	0	-1	-10000	-10000	-10000	3	2000	2	N\A	-10000	0	2.43477	0	-10000	N\A	-10000	114	20A 2-3
P	0	41	0	58.7884	-102.129	-8.26292	-0.485885	-0.434561	0.758335	1.788	0.636	-51	-10000	0	4	1	A	0	586	0	0.225585	-1	0	0	-10000	-1924,-1918,-1897,-1724,-1556,-1542,-1513,-1351,-1305,-1256,-1224,-1210,-1201,-1148,-1137,-1124,-1119,-906,-783,-692,-666,-624,-615,-574,-539,-530,-519,-510,-465,-454,-448,-424,-415,-392,-383,-360,-325,-265,-251,-211,-201,-192,-74,-60,-51,76,111,120,212,225,231,258,267,290,312,379,388,421,431,-1969,-1948,-1915,-1906,-1895,-1862,-1745,-1733,-1715,-1701,-1565,-1542,-1533,-1524,-1510,-1360,-1342,-1330,-1319,-1310,-1297,-1287,-1274,-1265,-1256,-1242,-1233,-1215,-1192,-1180,-1169,-1160,-1128,-1115,-1106,-733,-710,-701,-657,-647,-637,-592,-583,-551,-542,-498,-487,-475,-442,-433,-401,-392,-380,-370,-351,-328,-316,-306,-297,-284,-274,-242,-230,-210,-198,-178,-169,-157,-145,-106,-92,-42,-28,-19,-10,176,185,194,208,217,226,239,249,270,302,313,399,-528604	528609	N\A	N\A	N\A	N\A	-200	200	-200	200	0.03	-5	0	0	-1	-10000	-10000	-10000	3	2000	1	N\A	-10000	14	6.33218	0	0.208658	N\A	-10000	113	20A 1-2
P	0	42	0	56.2375	-104.411	-4.28166	-0.485885	-0.434561	0.758335	0.978	0.03	-10000	-10000	0	4	1	A	0	586	0	-10000	-1	0	0	-10000	-10000	528609	N\A	N\A	N\A	N\A	-200	200	-200	200	0.03	-5	0	0	-1	-10000	-10000	-10000	3	2000	2	N\A	-10000	0	6.08138	0	-10000	N\A	-10000	114	20A 2-3
P	0	43	0	58.8247	-106.276	-8.31815	-0.490537	-0.399364	0.77452	1.215	0.687	-13	-10000	0	4	1	A	0	586	0	0.151561	-1	0	0	-10000	-1949,-1781,-1767,-1738,-1576,-1530,-1481,-1449,-1435,-1426,-1373,-1362,-1349,-1344,-1131,-1008,-917,-891,-849,-840,-799,-764,-755,-744,-735,-690,-679,-673,-649,-640,-617,-608,-585,-550,-490,-476,-436,-426,-417,-299,-285,-276,-149,-114,-105,-13,0,6,33,42,65,87,154,163,196,206,333,441,-1970,-1958,-1940,-1926,-1790,-1767,-1758,-1749,-1735,-1585,-1567,-1555,-1544,-1535,-1522,-1512,-1499,-1490,-1481,-1467,-1458,-1440,-1417,-1405,-1394,-1385,-1353,-1340,-1331,-958,-935,-926,-882,-872,-862,-817,-808,-776,-767,-723,-712,-700,-667,-658,-626,-617,-605,-595,-576,-553,-541,-531,-522,-509,-499,-467,-455,-435,-423,-403,-394,-382,-370,-331,-317,-267,-253,-244,-235,-49,-40,-31,-17,-8,1,14,24,45,77,88,174,183,195,313,345,409,430,441,-528829	528834	N\A	N\A	N\A	N\A	-200	200	-200	200	0.03	-5	0	0	-1	-10000	-10000	-10000	3	2000	1	N\A	-10000	38	4.14681	0	0.265368	N\A	-10000	113	20A 1-2
P	0	44	0	56.2494	-108.372	-4.25192	-0.490537	-0.399364	0.77452	0.819	0.012	-10000	-10000	0	4	1	A	0	586	0	-10000	-1	0	0	-10000	-10000	528834	N\A	N\A	N\A	N\A	-200	200	-200	200	0.03	-5	0	0	-1	-10000	-10000	-10000	3	2000	2	N\A	-10000	0	3.96163	0	-10000	N\A	-10000	114	20A 2-3
P	0	45	0	58.8947	-113.216	-8.47434	-0.520172	-0.309776	0.795902	2.67	1.398	-102	-10000	0	4	1	A	0	586	0	0.344344	-1	0	0	-10000	-1992,-1978,-1969,-1916,-1905,-1892,-1887,-1674,-1551,-1460,-1434,-1392,-1383,-1342,-1307,-1298,-1287,-1278,-1233,-1222,-1216,-1192,-1183,-1160,-1151,-1128,-1093,-1033,-1019,-979,-969,-960,-842,-828,-819,-692,-657,-648,-556,-543,-537,-510,-501,-478,-456,-389,-380,-347,-337,-210,-102,-19,25,37,112,119,145,157,172,226,366,439,463,484,-1983,-1960,-1948,-1937,-1928,-1896,-1883,-1874,-1501,-1478,-1469,-1425,-1415,-1405,-1360,-1351,-1319,-1310,-1266,-1255,-1243,-1210,-1201,-1169,-1160,-1148,-1138,-1119,-1096,-1084,-1074,-1065,-1052,-1042,-1010,-998,-978,-966,-946,-937,-925,-913,-874,-860,-810,-796,-787,-778,-592,-583,-574,-560,-551,-542,-529,-519,-498,-466,-455,-369,-360,-348,-230,-198,-134,-113,-102,-92,-84,-51,-37,-10,-7,4,13,67,81,90,101,131,140,152,-529372	529377	N\A	N\A	N\A	N\A	-200	200	-200	200	0.03	-5	0	0	-1	-10000	-10000	-10000	3	2000	1	N\A	-10000	277	3.1515	0	0.513118	N\A	-10000	113	20A 1-2
P	0	46	0	56.1638	-114.842	-4.29586	-0.520172	-0.309776	0.795902	0.456	0.012	-10000	-10000	0	4	1	A	0	586	0	-10000	-1	0	0	-10000	-10000	529377	N\A	N\A	N\A	N\A	-200	200	-200	200	0.03	-5	0	0	-1	-10000	-10000	-10000	3	2000	2	N\A	-10000	0	2.9788	0	-10000	N\A	-10000	114	20A 2-3
P	0	47	0	58.8975	-119.561	-8.04124	-0.521404	-0.313387	0.793679	3.573	1.272	61	-10000	0	4	1	A	0	586	0	0.168252	-1	0	0	-10000	-1929,-1903,-1861,-1852,-1811,-1776,-1767,-1756,-1747,-1702,-1691,-1685,-1661,-1652,-1629,-1620,-1597,-1562,-1502,-1488,-1448,-1438,-1429,-1311,-1297,-1288,-1161,-1126,-1117,-1025,-1012,-1006,-979,-970,-947,-925,-858,-849,-816,-806,-679,-571,-488,-444,-432,-357,-350,-324,-312,-297,-243,-103,-30,-6,15,61,107,118,-1970,-1947,-1938,-1894,-1884,-1874,-1829,-1820,-1788,-1779,-1735,-1724,-1712,-1679,-1670,-1638,-1629,-1617,-1607,-1588,-1565,-1553,-1543,-1534,-1521,-1511,-1479,-1467,-1447,-1435,-1415,-1406,-1394,-1382,-1343,-1329,-1279,-1265,-1256,-1247,-1061,-1052,-1043,-1029,-1020,-1011,-998,-988,-967,-935,-924,-838,-829,-817,-699,-667,-603,-582,-571,-561,-553,-520,-506,-479,-476,-465,-456,-402,-388,-379,-368,-338,-329,-317,-306,-294,-284,-274,-261,-252,-79,-70,-17,3,15,26,39,47,-529841	529846	N\A	N\A	N\A	N\A	-200	200	-200	200	0.03	-5	0	0	-1	-10000	-10000	-10000	3	2000	1	N\A	-10000	127	3.69089	0	0.223653	N\A	-10000	113	20A 1-2
P	0	48	0	56.1601	-121.206	-3.87442	-0.521404	-0.313387	0.793679	0.417	0.015	-10000	-10000	0	4	1	A	0	586	0	-10000	-1	0	0	-10000	-10000	529846	N\A	N\A	N\A	N\A	-200	200	-200	200	0.03	-5	0	0	-1	-10000	-10000	-10000	3	2000	2	N\A	-10000	0	3.67956	0	-10000	N\A	-10000	114	20A 2-3
P	0	49	0	58.8994	-126.022	-7.75879	-0.522054	-0.239718	0.818532	1.185	0.132	162	-10000	0	4	1	A	0	586	0	0.0317616	-1	0	0	-10000	-1989,-1929,-1915,-1875,-1865,-1856,-1738,-1724,-1715,-1588,-1553,-1544,-1452,-1439,-1433,-1406,-1397,-1374,-1352,-1285,-1276,-1243,-1233,-1106,-998,-915,-871,-859,-784,-777,-751,-739,-724,-670,-530,-457,-433,-412,-366,-320,-309,99,108,153,162,236,315,321,326,408,-1992,-1980,-1970,-1961,-1948,-1938,-1906,-1894,-1874,-1862,-1842,-1833,-1821,-1809,-1770,-1756,-1706,-1692,-1683,-1674,-1488,-1479,-1470,-1456,-1447,-1438,-1425,-1415,-1394,-1362,-1351,-1265,-1256,-1244,-1126,-1094,-1030,-1009,-998,-988,-980,-947,-933,-906,-903,-892,-883,-829,-815,-806,-795,-765,-756,-744,-733,-721,-711,-701,-688,-679,-506,-497,-444,-424,-412,-401,-388,-380,-356,-351,-338,-329,-315,-306,-294,121,185,194,206,217,226,252,258,271,280,290,303,312,335,344,356,367,376,388,399	530273	N\A	N\A	N\A	N\A	-200	200	-200	200	0.03	-5	0	0	-1	-10000	-10000	-10000	3	2000	1	N\A	-10000	101	6.4675	0	0.0143927	N\A	-10000	113	20A 1-2
P	0	50	0	56.1586	-127.281	-3.4615	-0.522054	-0.239718	0.818532	0.306	0.012	-10000	-10000	0	4	1	A	0	586	0	-10000	-1	0	0	-10000	-10000	530273	N\A	N\A	N\A	N\A	-200	200	-200	200	0.03	-5	0	0	-1	-10000	-10000	-10000	3	2000	2	N\A	-10000	0	6.08858	0	-10000	N\A	-10000	114	20A 2-3
P	0	51	0	58.9784	-136.04	-6.98021	-0.523778	-0.0500582	0.850383	0.732	0.294	-143	-10000	0	4	1	A	0	586	0	0.0598587	-1	0	0	-10000	-1893,-1785,-1702,-1658,-1646,-1571,-1564,-1538,-1526,-1511,-1457,-1317,-1244,-1220,-1199,-1153,-1107,-1096,-688,-679,-634,-625,-551,-472,-466,-461,-379,-143,-134,-124,-75,16,25,207,230,239,262,272,284,293,316,325,334,452,-1913,-1881,-1817,-1796,-1785,-1775,-1767,-1734,-1720,-1693,-1690,-1679,-1670,-1616,-1602,-1593,-1582,-1552,-1543,-1531,-1520,-1508,-1498,-1488,-1475,-1466,-1293,-1284,-1231,-1211,-1199,-1188,-1175,-1167,-1143,-1138,-1125,-1116,-1102,-1093,-1081,-666,-602,-593,-581,-570,-561,-535,-529,-516,-507,-497,-484,-475,-452,-443,-431,-420,-411,-399,-388,-152,-143,-131,-120,-89,-79,-67,39,219,230,251,310,434,443,466,475,487,498	531060	N\A	N\A	N\A	N\A	-200	200	-200	200	0.03	-5	0	0	-1	-10000	-10000	-10000	3	2000	1	N\A	-10000	232	1.05369	0	0.0900625	N\A	-10000	113	20A 1-2
P	0	52	0	56.2286	-136.303	-2.5157	-0.523778	-0.0500576	0.850383	0.183	0.012	-10000	-10000	0	4	1	A	0	586	0	-10000	-1	0	0	-10000	219,230,251,310,207,219,230,239,262,271,284,293,316,325,337,348,466	531060	N\A	N\A	N\A	N\A	-200	200	-200	200	0.03	-5	0	0	-1	-10000	-10000	-10000	3	2000	2	N\A	-10000	0	1.04219	0	-10000	N\A	-10000	114	20A 2-3
P	0	53	0	56.4646	-136.344	-2.85663	-0.47405	-0.0812805	0.876739	2.274	0.987	-188	-10000	0	4	1	A	0	586	0	0.101996	-1	0	0	-10000	-1977,-1965,-1950,-1896,-1756,-1683,-1659,-1638,-1592,-1546,-1535,-1127,-1118,-1073,-1064,-990,-911,-905,-900,-818,-582,-573,-563,-514,-423,-414,-232,-209,-200,-177,-167,-155,-146,-123,-114,-105,13,86,100,109,141,183,209,230,236,273,291,304,336,386,400,494,-1991,-1982,-1970,-1959,-1947,-1937,-1927,-1914,-1905,-1732,-1723,-1670,-1650,-1638,-1627,-1614,-1606,-1582,-1577,-1564,-1555,-1541,-1532,-1520,-1105,-1041,-1032,-1020,-1009,-1000,-974,-968,-955,-946,-936,-923,-914,-891,-882,-870,-859,-850,-838,-827,-591,-582,-570,-559,-528,-518,-506,-400,-220,-209,-188,-129,-5,4,27,36,48,59,68,100,122,132,141,154,163,209,241,250,262,282,301,313,324,333,345,354,368,418,432,468	531499	N\A	N\A	N\A	N\A	-200	200	-200	200	0.03	-5	0	0	-1	-10000	-10000	-10000	3	2000	0	N\A	-10000	223	0.329677	0	0.0872068	N\A	-10000	113	20A 1-2
P	0	54	0	56.4646	-136.344	-2.85663	-0.47405	-0.0812805	0.876739	2.274	0.993	-188	-10000	0	4	1	A	0	586	0	0.101996	-1	0	0	-10000	-220,-209,-188,-129,-232,-220,-209,-200,-177,-168,-155,-146,-123,-114,-102,-91,27	531499	N\A	N\A	N\A	N\A	-200	200	-200	200	0.03	-5	0	0	-1	-10000	-10000	-10000	3	2000	1	N\A	-10000	223	0.279197	0	0.0863562	N\A	-10000	114	20A 2-3
P	0	55	0	57.0338	-134.879	-3.31489	-0.3543	0.17718	0.918193	1.044	0.645	70	-10000	0	4	1	A	0	586	0	0.104433	-1	0	0	-10000	-2000,-1954,-1908,-1897,-1489,-1480,-1435,-1426,-1352,-1273,-1267,-1262,-1180,-944,-935,-925,-876,-785,-776,-594,-571,-562,-539,-529,-517,-508,-485,-476,-467,-349,-276,-262,-253,-221,-179,-153,-132,-126,-89,-71,-58,-26,24,38,132,156,197,-2000,-1989,-1976,-1968,-1944,-1939,-1926,-1917,-1903,-1894,-1882,-1467,-1403,-1394,-1382,-1371,-1362,-1336,-1330,-1317,-1308,-1298,-1285,-1276,-1253,-1244,-1232,-1221,-1212,-1200,-1189,-953,-944,-932,-921,-890,-880,-868,-762,-582,-571,-550,-491,-367,-358,-335,-326,-314,-303,-294,-262,-240,-230,-221,-208,-199,-153,-121,-112,-100,-80,-61,-49,-38,-29,-17,-8,6,56,70,106,215	531861	N\A	N\A	N\A	N\A	-200	200	-200	200	0.03	-5	0	0	-1	-10000	-10000	-10000	3	2000	0	N\A	-10000	258	0.687052	0	0.0258385	N\A	-10000	113	20A 1-2
P	0	56	0	57.0338	-134.879	-3.31489	-0.3543	0.17718	0.918193	1.044	0.087	-10000	-10000	0	4	1	A	0	586	0	-10000	-1	0	0	-10000	-582,-571,-550,-491,-594,-582,-571,-562,-539,-530,-517,-508,-485,-476,-464,-453,-335	531861	N\A	N\A	N\A	N\A	-200	200	-200	200	0.03	-5	0	0	-1	-10000	-10000	-10000	3	2000	2	N\A	-10000	10000	1.63705	0	-10000	N\A	-10000	114	20A 2-3
P	0	57	0	58.8201	-135.479	-8.79271	-0.274715	0.757288	0.592492	1.707	0.687	-163	-10000	0	4	1	A	0	586	0	0.0960045	-1	0	0	-10000	-1767,-1758,-1748,-1699,-1608,-1599,-1417,-1394,-1385,-1362,-1352,-1340,-1331,-1308,-1299,-1290,-1172,-1099,-1085,-1076,-1044,-1002,-976,-955,-949,-912,-894,-881,-849,-799,-785,-691,-667,-626,-252,-240,-231,-217,-163,-40,-31,88,206,221,251,260,274,283,310,315,388,463,483,-1776,-1767,-1755,-1744,-1713,-1703,-1691,-1585,-1405,-1394,-1373,-1314,-1190,-1181,-1158,-1149,-1137,-1126,-1117,-1085,-1063,-1053,-1044,-1031,-1022,-976,-944,-935,-923,-903,-884,-872,-861,-852,-840,-831,-817,-767,-753,-717,-608,-308,-294,-285,-276,-263,-231,-222,-212,-199,-190,-176,-158,-144,-135,-126,101,195,216,228,238,269,283,292,301,321,333,337,345,356,365,377,410,419,430,442,451,460	532684	N\A	N\A	N\A	N\A	-200	200	-200	200	0.03	-5	0	0	-1	-10000	-10000	-10000	3	2000	1	N\A	-10000	254	0.31771	0	0.116665	N\A	-10000	113	20A 1-2
P	0	58	0	57.3778	-131.503	-5.68213	-0.274716	0.757288	0.592492	0.468	0.108	101	-10000	0	4	1	A	0	586	0	0.0244419	-1	0	0	-10000	-1405,-1394,-1373,-1314,69,101,216,228,-1417,-1405,-1394,-1385,-1362,-1353,-1340,-1331,-1308,-1299,-1287,-1276,-1158,88	532684	N\A	N\A	N\A	N\A	-200	200	-200	200	0.03	-5	0	0	-1	-10000	-10000	-10000	3	2000	1	N\A	-10000	10000	0.582705	0	0.0162073	N\A	-10000	114	20A 2-3
P	0	59	0	58.7973	-134.744	-8.74509	-0.27444	0.765779	0.581605	2.091	0.795	96	-10000	0	4	1	A	0	586	0	0.0863349	-1	0	0	-10000	-1981,-1972,-1962,-1913,-1822,-1813,-1631,-1608,-1599,-1576,-1566,-1554,-1545,-1522,-1513,-1504,-1386,-1313,-1299,-1290,-1258,-1216,-1190,-1169,-1163,-1126,-1108,-1095,-1063,-1013,-999,-905,-881,-840,-466,-454,-445,-431,-377,-254,-245,-126,-8,7,37,46,60,69,96,101,174,249,269,410,419,-1990,-1981,-1969,-1958,-1927,-1917,-1905,-1799,-1619,-1608,-1587,-1528,-1404,-1395,-1372,-1363,-1351,-1340,-1331,-1299,-1277,-1267,-1258,-1245,-1236,-1190,-1158,-1149,-1137,-1117,-1098,-1086,-1075,-1066,-1054,-1045,-1031,-981,-967,-931,-822,-522,-508,-499,-490,-477,-445,-436,-426,-413,-404,-390,-372,-358,-349,-340,-113,-19,2,14,24,55,69,78,87,107,119,123,131,142,151,163,196,205,216,228,237,246,292,301,333,428,437	532898	N\A	N\A	N\A	N\A	-200	200	-200	200	0.03	-5	0	0	-1	-10000	-10000	-10000	3	2000	1	N\A	-10000	259	0.736575	0	0.121612	N\A	-10000	113	20A 1-2
P	0	60	0	57.3565	-130.724	-5.69166	-0.27444	0.765779	0.581606	0.474	0.141	-113	-10000	0	4	1	A	0	586	0	0.0244419	-1	0	0	-10000	-1619,-1608,-1587,-1528,-145,-113,2,14,-1631,-1619,-1608,-1599,-1576,-1567,-1554,-1545,-1522,-1513,-1501,-1490,-1372,-126	532898	N\A	N\A	N\A	N\A	-200	200	-200	200	0.03	-5	0	0	-1	-10000	-10000	-10000	3	2000	1	N\A	-10000	214	0.779617	0	0.0162073	N\A	-10000	114	20A 2-3
P	0	61	0	58.8743	-132.672	-8.70521	-0.361992	0.818267	0.446543	0.444	0.138	-143	-10000	0	4	1	A	0	586	0	0.0349832	-1	0	0	-10000	-1948,-1875,-1861,-1852,-1820,-1778,-1752,-1731,-1725,-1688,-1670,-1657,-1625,-1575,-1561,-1467,-1443,-1402,-1028,-1016,-1007,-993,-939,-816,-807,-688,-570,-555,-525,-516,-502,-493,-466,-461,-388,-313,-293,-152,-143,-57,-48,4,28,220,228,240,284,293,307,316,357,370,380,392,412,454,478,-1966,-1957,-1934,-1925,-1913,-1902,-1893,-1861,-1839,-1829,-1820,-1807,-1798,-1752,-1720,-1711,-1699,-1679,-1660,-1648,-1637,-1628,-1616,-1607,-1593,-1543,-1529,-1493,-1384,-1084,-1070,-1061,-1052,-1039,-1007,-998,-988,-975,-966,-952,-934,-920,-911,-902,-675,-581,-560,-548,-538,-507,-493,-484,-475,-455,-443,-439,-431,-420,-411,-399,-366,-357,-346,-334,-325,-316,-270,-261,-229,-134,-125,207,230,243,252,262,275,293,325,348,357,369,401,422,433,443,452,466,487,-533455	533460	N\A	N\A	N\A	N\A	-200	200	-200	200	0.03	-5	0	0	-1	-10000	-10000	-10000	3	2000	1	N\A	-10000	238	2.07378	0	0.0159492	N\A	-10000	113	20A 1-2
P	0	62	0	56.9739	-128.376	-6.36086	-0.361992	0.818267	0.446543	0.231	0.03	-10000	-10000	0	4	1	A	0	586	0	-10000	-1	0	0	-10000	-707,-675,-560,-548,452,498,-1934,-688,422,443,466,475,498	533460	N\A	N\A	N\A	N\A	-200	200	-200	200	0.03	-5	0	0	-1	-10000	-10000	-10000	3	2000	2	N\A	-10000	10000	2.47083	0	-10000	N\A	-10000	114	20A 2-3
P	0	63	0	58.7335	-135.158	-8.94594	-0.527912	0.766971	0.364779	2.568	1.047	8	-10000	0	4	1	A	0	586	0	0.21124	-1	0	0	-10000	-1937,-1913,-1872,-1498,-1486,-1477,-1463,-1409,-1286,-1277,-1158,-1040,-1025,-995,-986,-972,-963,-936,-931,-858,-783,-763,-622,-613,-527,-518,-466,-442,-250,-242,-230,-186,-177,-163,-154,-113,-100,-90,-78,-58,-16,8,146,155,302,314,378,387,401,436,473,492,-1999,-1963,-1854,-1554,-1540,-1531,-1522,-1509,-1477,-1468,-1458,-1445,-1436,-1422,-1404,-1390,-1381,-1372,-1145,-1051,-1030,-1018,-1008,-977,-963,-954,-945,-925,-913,-909,-901,-890,-881,-869,-836,-827,-816,-804,-795,-786,-740,-731,-699,-604,-595,-263,-240,-227,-218,-208,-195,-177,-145,-122,-113,-101,-69,-48,-37,-27,-18,-4,17,28,37,49,60,346,355,369,400,410,423,442,455,463,478,487,496	533930	N\A	N\A	N\A	N\A	-200	200	-200	200	0.03	-5	0	0	-1	-10000	-10000	-10000	3	2000	1	N\A	-10000	17	1.5704	0	0.276464	N\A	-10000	113	20A 1-2
P	0	65	0	57.3578	-136.225	-9.03682	-0.657537	0.601431	0.453791	8.784	4.35	169	-10000	0	4	1	A	0	586	0	0.577541	-1	0	0	-10000	-1765,-1753,-1744,-1730,-1676,-1553,-1544,-1425,-1307,-1292,-1262,-1253,-1239,-1230,-1203,-1198,-1125,-1050,-1030,-889,-880,-794,-785,-733,-709,-517,-509,-497,-453,-444,-430,-421,-380,-367,-357,-345,-325,-283,-259,-121,-112,35,47,111,120,134,169,206,225,236,290,297,317,322,332,345,404,435,446,475,-1821,-1807,-1798,-1789,-1776,-1744,-1735,-1725,-1712,-1703,-1689,-1671,-1657,-1648,-1639,-1412,-1318,-1297,-1285,-1275,-1244,-1230,-1221,-1212,-1192,-1180,-1176,-1168,-1157,-1148,-1136,-1103,-1094,-1083,-1071,-1062,-1053,-1007,-998,-966,-871,-862,-530,-507,-494,-485,-475,-462,-444,-412,-389,-380,-368,-336,-315,-304,-294,-285,-271,-250,-239,-230,-218,-207,79,88,102,133,143,156,175,188,196,211,220,229,270,282,293,305,314,325,335,347,356,370,-534192	534197	N\A	N\A	N\A	N\A	-200	200	-200	200	0.03	-5	0	0	-1	-10000	-10000	-10000	3	2000	1	N\A	-10000	161	1.74343	0	0.633063	N\A	-10000	113	20A 1-2
P	0	66	0	53.9058	-133.068	-6.65441	-0.657537	0.601431	0.453791	0.663	0.051	-10000	-10000	0	4	1	A	0	586	0	-10000	-1	0	0	-10000	-1444,-1412,-1297,-1285,-285,-239,-1425,-315,-294,-271,-262,-239	534197	N\A	N\A	N\A	N\A	-200	200	-200	200	0.03	-5	0	0	-1	-10000	-10000	-10000	3	2000	2	N\A	-10000	10000	2.84932	0	-10000	N\A	-10000	114	20A 2-3
P	0	67	0	49.5545	-136.172	-8.83283	-0.663244	0.318626	0.677189	26.949	7.701	-46	-10000	0	4	1	A	0	586	0	0.61166	-1	0	0	-10000	-1994,-1875,-1757,-1742,-1712,-1703,-1689,-1680,-1653,-1648,-1575,-1500,-1480,-1339,-1330,-1244,-1235,-1183,-1159,-967,-959,-947,-903,-894,-880,-871,-830,-817,-807,-795,-775,-733,-709,-571,-562,-415,-403,-339,-330,-316,-281,-244,-225,-214,-160,-153,-133,-128,-118,-105,-46,-15,-4,25,70,84,119,125,135,155,196,215,246,273,282,290,302,311,364,397,443,452,455,470,485,491,-1862,-1768,-1747,-1735,-1725,-1694,-1680,-1671,-1662,-1642,-1630,-1626,-1618,-1607,-1598,-1586,-1553,-1544,-1533,-1521,-1512,-1503,-1457,-1448,-1416,-1321,-1312,-980,-957,-944,-935,-925,-912,-894,-862,-839,-830,-818,-786,-765,-754,-744,-735,-721,-700,-689,-680,-668,-657,-371,-362,-348,-317,-307,-294,-275,-262,-254,-239,-230,-221,-180,-168,-157,-145,-136,-125,-115,-103,-94,-534642	534647	N\A	N\A	N\A	N\A	-200	200	-200	200	0.03	-5	0	0	-1	-10000	-10000	-10000	3	2000	1	N\A	-10000	215	7.8062	0	0.780996	N\A	-10000	113	20A 1-2
P	0	68	0	46.0725	-134.5	-5.27759	-0.663244	0.318626	0.677188	1.866	0.021	-10000	-10000	0	4	1	A	0	586	0	-10000	-1	0	0	-10000	-1894,-1862,-1747,-1735,-735,-689,-1875,-765,-744,-721,-712,-689	534647	N\A	N\A	N\A	N\A	-200	200	-200	200	0.03	-5	0	0	-1	-10000	-10000	-10000	3	2000	2	N\A	-10000	0	8.08123	0	-10000	N\A	-10000	114	20A 2-3
P	0	69	0	42.4501	-136.096	-8.48804	-0.575162	0.239149	0.782302	11.553	2.205	-196	-10000	0	4	1	A	0	586	0	0.389821	-1	0	0	-10000	-1999,-1926,-1851,-1831,-1690,-1681,-1595,-1586,-1534,-1510,-1318,-1310,-1298,-1254,-1245,-1231,-1222,-1181,-1168,-1158,-1146,-1126,-1084,-1060,-922,-913,-766,-754,-690,-681,-667,-632,-595,-576,-565,-511,-504,-484,-479,-469,-456,-397,-366,-355,-326,-281,-267,-232,-226,-216,-196,-155,-136,-105,-78,-69,-61,-49,-40,13,46,92,101,104,119,134,140,182,196,205,219,231,241,251,278,301,321,332,338,345,363,399,432,446,469,482,487,492,-1993,-1981,-1977,-1969,-1958,-1949,-1937,-1904,-1895,-1884,-1872,-1863,-1854,-1808,-1799,-1767,-1672,-1663,-1331,-1308,-1295,-1286,-1276,-1263,-1245,-1213,-1190,-1181,-1169,-1137,-1116,-1105,-1095,-1086,-1072,-1051,-1040,-1031,-1019,-1008,-722,-713,-699,-668,-658,-645,-626,-613,-605,-590,-581,-572,-531,-519,-508,-496,-487,-476,-534993	534998	N\A	N\A	N\A	N\A	-200	200	-200	200	0.03	-5	0	0	-1	-10000	-10000	-10000	3	2000	1	N\A	-10000	150	7.11315	0	0.440236	N\A	-10000	113	20A 1-2
P	0	70	0	39.4305	-134.84	-4.38096	-0.575162	0.23915	0.782302	1.329	0.018	-10000	-10000	0	4	1	A	0	586	0	-10000	-1	0	0	-10000	-1086,-1040,-1116,-1095,-1072,-1063,-1040	534998	N\A	N\A	N\A	N\A	-200	200	-200	200	0.03	-5	0	0	-1	-10000	-10000	-10000	3	2000	2	N\A	-10000	0	6.71085	0	-10000	N\A	-10000	114	20A 2-3
P	0	71	0	34.8128	-136.062	-8.43059	-0.474074	0.207747	0.855626	3.171	1.044	-169	-10000	0	4	1	A	0	586	0	0.189072	-1	0	0	-10000	-1946,-1937,-1885,-1861,-1669,-1661,-1649,-1605,-1596,-1582,-1573,-1532,-1519,-1509,-1497,-1477,-1435,-1411,-1273,-1264,-1117,-1105,-1041,-1032,-1018,-983,-946,-927,-916,-862,-855,-835,-830,-820,-807,-748,-717,-706,-677,-632,-618,-583,-577,-567,-547,-506,-487,-456,-429,-420,-412,-400,-391,-338,-305,-259,-250,-247,-232,-217,-211,-169,-155,-146,-132,-120,-110,-100,-73,-50,-30,-19,-13,-6,12,48,81,95,118,131,136,141,186,209,323,336,350,356,400,444,485,-1682,-1659,-1646,-1637,-1627,-1614,-1596,-1564,-1541,-1532,-1520,-1488,-1467,-1456,-1446,-1437,-1423,-1402,-1391,-1382,-1370,-1359,-1073,-1064,-1050,-1019,-1009,-996,-977,-964,-956,-941,-932,-923,-882,-870,-859,-847,-838,-827,-817,-805,-796,-782,-773,-764,-741,-732,-720,-700,-688,-668,-646,-623,-614,-535344	535349	N\A	N\A	N\A	N\A	-200	200	-200	200	0.03	-5	0	0	-1	-10000	-10000	-10000	3	2000	1	N\A	-10000	27	7.63758	0	0.279573	N\A	-10000	113	20A 1-2
P	0	73	0	24.6403	-136.086	-9.27617	-0.522657	0.149942	0.839254	5.268	2.154	106	-10000	0	4	1	A	0	586	0	0.419286	-1	0	0	-10000	-1897,-1885,-1821,-1812,-1798,-1763,-1726,-1707,-1696,-1642,-1635,-1615,-1610,-1600,-1587,-1528,-1497,-1486,-1457,-1412,-1398,-1363,-1357,-1347,-1327,-1286,-1267,-1236,-1209,-1200,-1192,-1180,-1171,-1118,-1085,-1039,-1030,-1027,-1012,-997,-991,-949,-935,-926,-912,-900,-890,-880,-853,-830,-810,-799,-793,-786,-768,-732,-699,-685,-662,-649,-644,-639,-594,-571,-457,-444,-430,-424,-380,-336,-295,-251,-177,-168,-115,-91,-12,14,28,91,106,396,405,420,429,438,-1853,-1844,-1830,-1799,-1789,-1776,-1757,-1744,-1736,-1721,-1712,-1703,-1662,-1650,-1639,-1627,-1618,-1607,-1597,-1585,-1576,-1562,-1553,-1544,-1521,-1512,-1500,-1480,-1468,-1448,-1426,-1403,-1394,-1385,-1371,-1362,-1353,-1339,-1330,-1318,-1308,-1294,-1289,-1253,-1244,-1221,-1212,-1203,-1189,-1180,-1168,-1159,-1148,-1139,-1053,-1018,-1008,-998,-994,-986,-536124	536129	N\A	N\A	N\A	N\A	-200	200	-200	200	0.03	-5	0	0	-1	-10000	-10000	-10000	3	2000	1	N\A	-10000	155	1.51379	0	0.521833	N\A	-10000	113	20A 1-2
P	0	75	0	22.165	-136.042	-9.63558	-0.528301	0.147179	0.836204	3.201	1.203	88	-10000	0	4	1	A	0	586	0	0.181252	-1	0	0	-10000	-2000,-1974,-1967,-1947,-1942,-1932,-1919,-1860,-1829,-1818,-1789,-1744,-1730,-1695,-1689,-1679,-1659,-1618,-1599,-1568,-1541,-1532,-1524,-1512,-1503,-1450,-1417,-1371,-1362,-1359,-1344,-1329,-1323,-1281,-1267,-1258,-1244,-1232,-1222,-1212,-1185,-1162,-1142,-1131,-1125,-1118,-1100,-1064,-1031,-1017,-994,-981,-976,-971,-926,-903,-789,-776,-762,-756,-712,-668,-627,-583,-509,-500,-447,-423,-344,-318,-304,-241,-226,64,73,88,97,106,223,240,282,355,-1994,-1982,-1971,-1959,-1950,-1939,-1929,-1917,-1908,-1894,-1885,-1876,-1853,-1844,-1832,-1812,-1800,-1780,-1758,-1735,-1726,-1717,-1703,-1694,-1685,-1671,-1662,-1650,-1640,-1626,-1621,-1585,-1576,-1553,-1544,-1535,-1521,-1512,-1500,-1491,-1480,-1471,-1385,-1350,-1340,-1330,-1326,-1318,-1309,-1300,-1289,-1276,-1267,-1253,-1244,-1235,-1223,-1212,-1194,-1182,-1171,-1159,-1150,-1140,-536456	536461	N\A	N\A	N\A	N\A	-200	200	-200	200	0.03	-5	0	0	-1	-10000	-10000	-10000	3	2000	1	N\A	-10000	18	2.50164	0	0.228335	N\A	-10000	113	20A 1-2
P	0	77	0	18.7588	-135.973	-9.99404	-0.488433	0.144236	0.860598	3.084	1.362	-196	-10000	0	4	1	A	0	586	0	0.170764	-1	0	0	-10000	-1998,-1977,-1968,-1960,-1948,-1939,-1886,-1853,-1807,-1798,-1795,-1780,-1765,-1759,-1717,-1703,-1694,-1680,-1668,-1658,-1648,-1621,-1598,-1578,-1567,-1561,-1554,-1536,-1500,-1467,-1453,-1430,-1417,-1412,-1407,-1362,-1339,-1225,-1212,-1198,-1192,-1148,-1104,-1063,-1019,-945,-936,-883,-859,-780,-754,-740,-677,-662,-372,-363,-348,-339,-330,-213,-196,-154,-81,322,334,343,363,371,396,404,419,454,463,473,-1989,-1980,-1971,-1957,-1948,-1936,-1927,-1916,-1907,-1821,-1786,-1776,-1766,-1762,-1754,-1745,-1736,-1725,-1712,-1703,-1689,-1680,-1671,-1659,-1648,-1630,-1618,-1607,-1595,-1586,-1576,-1563,-1553,-1545,-1531,-1522,-1512,-1489,-1480,-1468,-1448,-1436,-1426,-1413,-1404,-1395,-1381,-1372,-1354,-1339,-1245,-1235,-1222,-1204,-1171,-1158,-1136,-1127,-1116,-1095,-1086,-1072,-1063,-1053,-1040,-998,-990,-977,-967,-957,-904,-895,-536892	536897	N\A	N\A	N\A	N\A	-200	200	-200	200	0.03	-5	0	0	-1	-10000	-10000	-10000	3	2000	1	N\A	-10000	284	3.42573	0	0.184232	N\A	-10000	113	20A 1-2
P	0	79	0	15.0505	-135.828	-10.1979	-0.426901	0.135433	0.894099	5.373	1.83	-64	-10000	0	4	1	A	0	586	0	0.289233	-1	0	0	-10000	-1994,-1988,-1981,-1963,-1927,-1894,-1880,-1857,-1844,-1839,-1834,-1789,-1766,-1652,-1639,-1625,-1619,-1575,-1531,-1490,-1446,-1372,-1363,-1310,-1286,-1207,-1181,-1167,-1104,-1089,-799,-790,-775,-766,-757,-640,-623,-581,-508,-105,-93,-84,-64,-56,-31,-23,-8,27,36,46,110,118,164,177,207,218,228,239,276,290,300,382,410,439,460,-1999,-1990,-1980,-1972,-1958,-1949,-1939,-1916,-1907,-1895,-1875,-1863,-1853,-1840,-1831,-1822,-1808,-1799,-1781,-1766,-1672,-1662,-1649,-1631,-1598,-1585,-1563,-1554,-1543,-1522,-1513,-1499,-1490,-1480,-1467,-1425,-1417,-1404,-1394,-1384,-1331,-1322,-1276,-1267,-1257,-1254,-1244,-1222,-1213,-1202,-1190,-1158,-1149,-1140,-1126,-1117,-1108,-1075,-1063,-1054,-1040,-1031,-1022,-849,-840,-831,-817,-808,-799,-754,-743,-731,-722,-699,-690,-681,-667,-658,-637,-604,-594,-537319	537324	N\A	N\A	N\A	N\A	-200	200	-200	200	0.03	-5	0	0	-1	-10000	-10000	-10000	3	2000	1	N\A	-10000	132	3.88078	0	0.401161	N\A	-10000	113	20A 1-2
P	0	81	0	12.7343	-135.76	-10.3153	-0.389709	0.133516	0.911208	4.206	1.284	187	-10000	0	4	1	A	0	586	0	0.209795	-1	0	0	-10000	-1989,-1875,-1862,-1848,-1842,-1798,-1754,-1713,-1669,-1595,-1586,-1533,-1509,-1430,-1404,-1390,-1327,-1312,-1022,-1013,-998,-989,-980,-863,-846,-804,-731,-328,-316,-307,-287,-279,-254,-246,-231,-196,-187,-177,-113,-105,-59,-46,-16,-5,5,16,53,67,77,159,187,216,237,380,399,435,451,461,486,-1999,-1989,-1895,-1885,-1872,-1854,-1821,-1808,-1786,-1777,-1766,-1745,-1736,-1722,-1713,-1703,-1690,-1648,-1640,-1627,-1617,-1607,-1554,-1545,-1499,-1490,-1480,-1477,-1467,-1445,-1436,-1425,-1413,-1381,-1372,-1363,-1349,-1340,-1331,-1298,-1286,-1277,-1263,-1254,-1245,-1072,-1063,-1054,-1040,-1031,-1022,-977,-966,-954,-945,-922,-913,-904,-890,-881,-860,-827,-817,-807,-795,-786,-772,-763,-381,-369,-358,-346,-337,-327,-313,-305,-295,-284,-276,-263,-249,-240,-228,-222,-166,-155,-145,-537542	537547	N\A	N\A	N\A	N\A	-200	200	-200	200	0.03	-5	0	0	-1	-10000	-10000	-10000	3	2000	1	N\A	-10000	250	2.15606	0	0.210798	N\A	-10000	113	20A 1-2
P	0	83	0	4.66221	-135.416	-10.5056	-0.11967	0.165844	0.978864	80.907	26.295	-61	-10000	0	4	1	A	0	586	0	2.17199	-1	0	0	-10000	-1942,-1916,-1902,-1839,-1824,-1534,-1525,-1510,-1501,-1492,-1375,-1358,-1316,-1243,-840,-828,-819,-799,-791,-766,-758,-743,-708,-699,-689,-625,-617,-571,-558,-528,-517,-507,-496,-459,-445,-435,-353,-325,-296,-275,-132,-113,-77,-61,-51,-26,61,68,73,113,121,173,192,216,224,242,259,382,388,401,419,-1992,-1989,-1979,-1957,-1948,-1937,-1925,-1893,-1884,-1875,-1861,-1852,-1843,-1810,-1798,-1789,-1775,-1766,-1757,-1584,-1575,-1566,-1552,-1543,-1534,-1489,-1478,-1466,-1457,-1434,-1425,-1416,-1402,-1393,-1372,-1339,-1329,-1319,-1307,-1298,-1284,-1275,-893,-881,-870,-858,-849,-839,-825,-817,-807,-796,-788,-775,-761,-752,-740,-734,-678,-667,-657,-602,-593,-581,-572,-540,-485,-476,-467,-457,-434,-422,-411,-390,-381,-367,-358,-346,-335,-317,-293,-272,-261,-252,-240,-538054	538059	N\A	N\A	N\A	N\A	-200	200	-200	200	0.03	-5	0	0	-1	-10000	-10000	-10000	3	2000	1	N\A	-10000	247	8.0817	0	2.54522	N\A	-10000	113	20A 1-2
P	0	85	0	1.17673	-135.254	-10.6387	0.0305227	0.177927	0.98357	24.492	7.113	-30	-10000	0	4	1	A	0	586	0	0.969858	-1	0	0	-10000	-1823,-1814,-1799,-1790,-1781,-1664,-1647,-1605,-1532,-1129,-1117,-1108,-1088,-1080,-1055,-1047,-1032,-997,-988,-978,-914,-906,-860,-847,-817,-806,-796,-785,-748,-734,-724,-642,-614,-585,-564,-421,-402,-366,-350,-340,-315,-228,-221,-216,-176,-168,-116,-97,-73,-65,-47,-30,93,99,112,130,324,335,343,376,397,420,453,462,476,-1873,-1864,-1855,-1841,-1832,-1823,-1778,-1767,-1755,-1746,-1723,-1714,-1705,-1691,-1682,-1661,-1628,-1618,-1608,-1596,-1587,-1573,-1564,-1182,-1170,-1159,-1147,-1138,-1128,-1114,-1106,-1096,-1085,-1077,-1064,-1050,-1041,-1029,-1023,-967,-956,-946,-891,-882,-870,-861,-829,-774,-765,-756,-746,-723,-711,-700,-679,-670,-656,-647,-635,-624,-606,-582,-561,-550,-541,-529,-520,-511,-497,-488,-465,-456,-447,-420,-411,-391,-379,-370,-361,-321,-315,-538343	538348	N\A	N\A	N\A	N\A	-200	200	-200	200	0.03	-5	0	0	-1	-10000	-10000	-10000	3	2000	1	N\A	-10000	31	3.4918	0	0.765807	N\A	-10000	113	20A 1-2
P	0	87	0	0.756859	-135.295	-10.9452	-0.0332919	0.220196	0.974887	1.812	0.27	142	-10000	0	4	1	A	0	586	0	0.0297771	-1	0	0	-10000	-1951,-1939,-1930,-1910,-1902,-1877,-1869,-1854,-1819,-1810,-1800,-1736,-1728,-1682,-1669,-1639,-1628,-1618,-1607,-1570,-1556,-1546,-1464,-1436,-1407,-1386,-1243,-1224,-1188,-1172,-1162,-1137,-1050,-1043,-1038,-998,-990,-938,-919,-895,-887,-869,-852,-729,-723,-710,-692,-498,-487,-479,-446,-425,-402,-369,-360,-346,-316,-284,-252,-211,-146,-134,-125,21,78,142,153,166,225,271,-1992,-1981,-1969,-1960,-1950,-1936,-1928,-1918,-1907,-1899,-1886,-1872,-1863,-1851,-1845,-1789,-1778,-1768,-1713,-1704,-1692,-1683,-1651,-1596,-1587,-1578,-1568,-1545,-1533,-1522,-1501,-1492,-1478,-1469,-1457,-1446,-1428,-1404,-1383,-1372,-1363,-1351,-1342,-1333,-1319,-1310,-1287,-1278,-1269,-1242,-1233,-1213,-1201,-1192,-1183,-1143,-1137,-1128,-1119,-1106,-1096,-1083,-1074,-1064,-1051,-1042,-1033,-1019,-1010,-957,-925,-901,-892,-860,-828,-819,-539165	539170	N\A	N\A	N\A	N\A	-200	200	-200	200	0.03	-5	0	0	-1	-10000	-10000	-10000	3	2000	1	N\A	-10000	118	0.106124	0	0.0106778	N\A	-10000	113	20A 1-2
P	0	89	0	0.743094	-135.284	-11.03	-0.0257722	0.268803	0.96285	0.54	0.141	-123	-10000	0	4	1	A	0	586	0	0.0297771	-1	0	0	-10000	-1998,-1993,-1947,-1934,-1904,-1893,-1883,-1872,-1835,-1821,-1811,-1729,-1701,-1672,-1651,-1508,-1489,-1453,-1437,-1427,-1402,-1315,-1308,-1303,-1263,-1255,-1203,-1184,-1160,-1152,-1134,-1117,-994,-988,-975,-957,-763,-752,-744,-711,-690,-667,-634,-625,-611,-581,-549,-517,-476,-411,-399,-390,-244,-187,-123,-112,-99,-40,6,292,388,418,483,495,-1978,-1969,-1957,-1948,-1916,-1861,-1852,-1843,-1833,-1810,-1798,-1787,-1766,-1757,-1743,-1734,-1722,-1711,-1693,-1669,-1648,-1637,-1628,-1616,-1607,-1598,-1584,-1575,-1552,-1543,-1534,-1507,-1498,-1478,-1466,-1457,-1448,-1408,-1402,-1393,-1384,-1371,-1361,-1348,-1339,-1329,-1316,-1307,-1298,-1284,-1275,-1222,-1190,-1166,-1157,-1125,-1093,-1084,-1061,-1049,-1040,-1029,-1020,-998,-987,-966,-955,-943,-784,-743,-731,-722,-708,-688,-679,-613,-603,-593,-584,-485,-422,-358,-539430	539435	N\A	N\A	N\A	N\A	-200	200	-200	200	0.03	-5	0	0	-1	-10000	-10000	-10000	3	2000	1	N\A	-10000	265	0.0865729	0	0.0106778	N\A	-10000	113	20A 1-2
P	0	91	0	0.727223	-135.275	-11.0608	-0.0193311	0.311077	0.950188	0.93	0.144	79	-10000	0	4	1	A	0	586	0	0.0289526	-1	0	0	-10000	-1942,-1914,-1885,-1864,-1721,-1702,-1666,-1650,-1640,-1615,-1528,-1521,-1516,-1476,-1468,-1416,-1397,-1373,-1365,-1347,-1330,-1207,-1201,-1188,-1170,-976,-965,-957,-924,-903,-880,-847,-838,-824,-794,-762,-730,-689,-624,-612,-603,-457,-400,-336,-325,-312,-253,-207,79,175,205,270,282,360,369,378,387,401,-2000,-1979,-1970,-1956,-1947,-1935,-1924,-1906,-1882,-1861,-1850,-1841,-1829,-1820,-1811,-1797,-1788,-1765,-1756,-1747,-1720,-1711,-1691,-1679,-1670,-1661,-1621,-1615,-1606,-1597,-1584,-1574,-1561,-1552,-1542,-1529,-1520,-1511,-1497,-1488,-1435,-1403,-1379,-1370,-1338,-1306,-1297,-1274,-1262,-1253,-1242,-1233,-1211,-1200,-1179,-1168,-1156,-997,-956,-944,-935,-921,-901,-892,-826,-816,-806,-797,-698,-635,-571,-562,-486,-475,-389,-368,-316,-294,-250,-69,-62,132,143,155,219,229,238,305,-539643	539648	N\A	N\A	N\A	N\A	-200	200	-200	200	0.03	-5	0	0	-1	-10000	-10000	-10000	3	2000	1	N\A	-10000	202	0.0359502	0	0.0101722	N\A	-10000	113	20A 1-2
P	0	93	0	0.770916	-132.537	-10.8883	-0.0113906	0.460293	0.887694	2.109	0.663	-61	-10000	0	4	1	A	0	586	0	0.0630078	-1	0	0	-10000	-1994,-1975,-1951,-1943,-1925,-1908,-1785,-1779,-1766,-1748,-1554,-1543,-1535,-1502,-1481,-1458,-1425,-1416,-1402,-1372,-1340,-1308,-1267,-1202,-1190,-1181,-1035,-978,-914,-903,-890,-831,-785,-499,-403,-373,-308,-296,-218,-209,-200,-191,-177,-61,-18,-5,3,45,54,77,100,109,118,195,204,277,360,-1981,-1957,-1948,-1916,-1884,-1875,-1852,-1840,-1831,-1820,-1811,-1789,-1778,-1757,-1746,-1734,-1575,-1534,-1522,-1513,-1499,-1479,-1470,-1404,-1394,-1384,-1375,-1276,-1213,-1149,-1140,-1064,-1053,-967,-946,-894,-872,-828,-647,-640,-446,-435,-423,-359,-349,-340,-273,-264,-168,-158,-146,-105,-94,-82,-73,14,27,36,56,68,86,132,141,164,174,218,250,259,268,282,291,300,313,323,332,345,354,377,386,400,409,418,427	540226	N\A	N\A	N\A	N\A	-200	200	-200	200	0.03	-5	0	0	-1	-10000	-10000	-10000	3	2000	1	N\A	-10000	140	2.74315	0	0.0716445	N\A	-10000	113	20A 1-2
P	0	95	0	0.808448	-130.135	-10.6304	-0.0104066	0.509396	0.860469	6.453	4.26	160	-10000	0	4	1	A	0	586	0	0.65045	-1	0	0	-10000	-1985,-1979,-1966,-1948,-1754,-1743,-1735,-1702,-1681,-1658,-1625,-1616,-1602,-1572,-1540,-1508,-1467,-1402,-1390,-1381,-1235,-1178,-1114,-1103,-1090,-1031,-985,-699,-603,-573,-508,-496,-418,-409,-400,-391,-377,-261,-218,-205,-197,-155,-146,-123,-100,-91,-82,-5,4,77,160,499,-1989,-1978,-1957,-1946,-1934,-1775,-1734,-1722,-1713,-1699,-1679,-1670,-1604,-1594,-1584,-1575,-1476,-1413,-1349,-1340,-1264,-1253,-1167,-1146,-1094,-1072,-1028,-847,-840,-646,-635,-623,-559,-549,-540,-473,-464,-368,-358,-346,-305,-294,-282,-273,-186,-173,-164,-144,-132,-114,-68,-59,-36,-26,18,50,59,68,82,91,100,113,123,132,145,154,177,186,200,209,218,227	540426	N\A	N\A	N\A	N\A	-200	200	-200	200	0.03	-5	0	0	-1	-10000	-10000	-10000	3	2000	1	N\A	-10000	221	2.41676	0	0.761122	N\A	-10000	113	20A 1-2
P	0	97	0	0.814204	-125.637	-9.92616	-0.0140144	0.562504	0.826676	1.938	0.057	71	-10000	0	4	1	A	0	586	0	0.0106166	-1	0	0	-10000	-2000,-1968,-1936,-1895,-1830,-1818,-1809,-1663,-1606,-1542,-1531,-1518,-1459,-1413,-1127,-1031,-1001,-936,-924,-846,-837,-828,-819,-805,-689,-646,-633,-625,-583,-574,-551,-528,-519,-510,-433,-424,-351,-268,71,272,280,322,334,345,380,389,-1904,-1841,-1777,-1768,-1692,-1681,-1595,-1574,-1522,-1500,-1456,-1275,-1268,-1074,-1063,-1051,-987,-977,-968,-901,-892,-796,-786,-774,-733,-722,-710,-701,-614,-601,-592,-572,-560,-542,-496,-487,-464,-454,-410,-378,-369,-360,-346,-337,-328,-315,-305,-296,-283,-274,-251,-242,-228,-219,-210,-201,280,304,312,325,357,366,421	540854	N\A	N\A	N\A	N\A	-200	200	-200	200	0.03	-5	0	0	-1	-10000	-10000	-10000	3	2000	1	N\A	-10000	136	1.94307	0	0.0107925	N\A	-10000	113	20A 1-2
P	0	99	0	0.736943	-121.664	-9.08545	-0.00760088	0.603487	0.797337	0.414	0.234	-155	-10000	0	4	1	A	0	586	0	0.0292211	-1	0	0	-10000	-1957,-1671,-1575,-1545,-1480,-1468,-1390,-1381,-1372,-1363,-1349,-1233,-1190,-1177,-1169,-1127,-1118,-1095,-1072,-1063,-1054,-977,-968,-895,-812,-473,-272,-264,-222,-210,-199,-164,-155,-2000,-1819,-1812,-1618,-1607,-1595,-1531,-1521,-1512,-1445,-1436,-1340,-1330,-1318,-1277,-1266,-1254,-1245,-1158,-1145,-1136,-1116,-1104,-1086,-1040,-1031,-1008,-998,-954,-922,-913,-904,-890,-881,-872,-859,-849,-840,-827,-818,-795,-786,-772,-763,-754,-745,-264,-240,-232,-219,-187,-178,-123	541398	N\A	N\A	N\A	N\A	-200	200	-200	200	0.03	-5	0	0	-1	-10000	-10000	-10000	3	2000	1	N\A	-10000	200	1.9316	0	0.0140405	N\A	-10000	113	20A 1-2
P	0	101	0	0.751508	-119.687	-8.88452	-0.005333	0.615405	0.788193	0.45	0.441	200	-10000	0	4	1	A	0	586	0	0.0986551	-1	0	0	-10000	-1937,-1907,-1842,-1830,-1752,-1743,-1734,-1725,-1711,-1595,-1552,-1539,-1531,-1489,-1480,-1457,-1434,-1425,-1416,-1339,-1330,-1257,-1174,-835,-634,-626,-584,-572,-561,-526,-517,200,228,271,285,291,304,336,345,359,382,412,418,441,495,-1980,-1969,-1957,-1893,-1883,-1874,-1807,-1798,-1702,-1692,-1680,-1639,-1628,-1616,-1607,-1520,-1507,-1498,-1478,-1466,-1448,-1402,-1393,-1370,-1360,-1316,-1284,-1275,-1266,-1252,-1243,-1234,-1221,-1211,-1202,-1189,-1180,-1157,-1148,-1134,-1125,-1116,-1107,-626,-602,-594,-581,-549,-540,-485,177,186,197,209,219,250,260,282,292,315,327,368,389,409,454,464,474,483	541760	N\A	N\A	N\A	N\A	-200	200	-200	200	0.03	-5	0	0	-1	-10000	-10000	-10000	3	2000	1	N\A	-10000	355	1.98786	0	0.129945	N\A	-10000	113	20A 1-2
P	0	103	0	0.81967	-117.616	-8.86502	-0.00985746	0.614089	0.789175	3.858	1.098	-8	-10000	0	4	1	A	0	586	0	0.167496	-1	0	0	-10000	-1988,-1979,-1970,-1961,-1947,-1831,-1788,-1775,-1767,-1725,-1716,-1693,-1670,-1661,-1652,-1575,-1566,-1493,-1410,-1071,-870,-862,-820,-808,-797,-762,-753,-36,-8,35,49,55,68,100,109,123,146,176,182,205,268,300,464,473,-1938,-1928,-1916,-1875,-1864,-1852,-1843,-1756,-1743,-1734,-1714,-1702,-1684,-1638,-1629,-1606,-1596,-1552,-1520,-1511,-1502,-1488,-1479,-1470,-1457,-1447,-1438,-1425,-1416,-1393,-1384,-1370,-1361,-1352,-1343,-862,-838,-830,-817,-785,-776,-721,-59,-50,-39,-27,-17,14,24,46,56,79,91,132,153,173,218,228,238,247,273,282,291,300,314,323,335,432,496	541996	N\A	N\A	N\A	N\A	-200	200	-200	200	0.03	-5	0	0	-1	-10000	-10000	-10000	3	2000	1	N\A	-10000	208	2.0721	0	0.183117	N\A	-10000	113	20A 1-2
P	0	105	0	0.901258	-111.912	-8.91765	-0.00605183	0.654053	0.756425	4.113	1.035	153	-10000	0	4	1	A	0	586	0	0.135661	-1	0	0	-10000	-1974,-1635,-1434,-1426,-1384,-1372,-1361,-1326,-1317,-600,-572,-529,-515,-509,-496,-464,-455,-441,-418,-388,-382,-359,-296,-264,-100,-91,14,146,153,159,167,173,185,224,355,381,412,420,452,462,473,-1999,-1989,-1980,-1957,-1948,-1934,-1925,-1916,-1907,-1426,-1402,-1394,-1381,-1349,-1340,-1285,-623,-614,-603,-591,-581,-550,-540,-518,-508,-485,-473,-432,-411,-391,-346,-336,-326,-317,-291,-282,-273,-264,-250,-241,-229,-132,-68,-59,100,112,121,132,144,185,199,208,218,240,250,262,271,282,294,303,312,326,335,344,358,367,376,399,409,431,441,476,485,494	542560	N\A	N\A	N\A	N\A	-200	200	-200	200	0.03	-5	0	0	-1	-10000	-10000	-10000	3	2000	1	N\A	-10000	161	5.70472	0	0.172124	N\A	-10000	113	20A 1-2
P	0	107	0	0.932802	-108.01	-9.01851	0.00681661	0.689112	0.724623	9.687	3.486	-68	-10000	0	4	1	A	0	586	0	0.463489	-1	0	0	-10000	-1883,-1875,-1833,-1821,-1810,-1775,-1766,-1049,-1021,-978,-964,-958,-945,-913,-904,-890,-867,-837,-831,-808,-745,-713,-549,-540,-435,-303,-296,-290,-282,-276,-264,-225,-94,-68,-37,-29,3,13,24,154,168,259,280,324,348,-1875,-1851,-1843,-1830,-1798,-1789,-1734,-1072,-1063,-1052,-1040,-1030,-999,-989,-967,-957,-934,-922,-881,-860,-840,-795,-785,-775,-766,-740,-731,-722,-713,-699,-690,-678,-581,-517,-508,-349,-337,-328,-317,-305,-264,-250,-241,-231,-209,-199,-187,-178,-167,-155,-146,-137,-123,-114,-105,-91,-82,-73,-50,-40,-18,-8,27,36,45,177,186,195,206,218,227,239,250,271,295,303,313,324,335,344,367,377,389,399,409,421,431	543009	N\A	N\A	N\A	N\A	-200	200	-200	200	0.03	-5	0	0	-1	-10000	-10000	-10000	3	2000	1	N\A	-10000	221	3.9038	0	0.574955	N\A	-10000	113	20A 1-2
P	0	109	0	1.08175	-98.3386	-9.10216	0.0633772	0.555557	0.82906	15.771	7.287	90	-10000	0	4	1	A	0	586	0	1.26167	-1	0	0	-10000	-1689,-1661,-1618,-1604,-1598,-1585,-1553,-1544,-1530,-1507,-1477,-1471,-1448,-1385,-1353,-1189,-1180,-1075,-943,-936,-930,-922,-916,-904,-865,-734,-708,-677,-669,-637,-627,-616,-486,-472,-381,-360,-316,-292,-104,-83,-74,-63,-5,4,14,22,41,68,80,90,227,236,386,443,-1712,-1703,-1692,-1680,-1670,-1639,-1629,-1607,-1597,-1574,-1562,-1521,-1500,-1480,-1435,-1425,-1415,-1406,-1380,-1371,-1362,-1353,-1339,-1330,-1318,-1221,-1157,-1148,-989,-977,-968,-957,-945,-904,-890,-881,-871,-849,-839,-827,-818,-807,-795,-786,-777,-763,-754,-745,-731,-722,-713,-690,-680,-658,-648,-613,-604,-595,-463,-454,-445,-434,-422,-413,-401,-390,-369,-345,-337,-327,-316,-305,-296,-273,-263,-251,-241,-231,-219,-209,-113,-91,-81,-72,-60,-49,-40,-28,-19,4,27,45,-543644	543649	N\A	N\A	N\A	N\A	-200	200	-200	200	0.03	-5	0	0	-1	-10000	-10000	-10000	3	2000	1	N\A	-10000	158	9.67251	0	1.6026	N\A	-10000	113	20A 1-2
P	0	111	0	1.10056	-92.9896	-9.17148	0.0605132	0.459543	0.886092	4.56	0.582	-6	-10000	0	4	1	A	0	586	0	0.129846	-1	0	0	-10000	-1993,-1979,-1956,-1926,-1920,-1897,-1834,-1802,-1638,-1629,-1524,-1392,-1385,-1379,-1371,-1365,-1353,-1314,-1183,-1157,-1126,-1118,-1086,-1076,-1065,-935,-921,-830,-809,-765,-741,-553,-532,-523,-512,-454,-445,-435,-427,-408,-381,-369,-359,-222,-213,-63,-6,67,246,313,322,334,363,399,440,467,481,494,-1970,-1949,-1929,-1884,-1874,-1864,-1855,-1829,-1820,-1811,-1802,-1788,-1779,-1767,-1670,-1606,-1597,-1438,-1426,-1417,-1406,-1394,-1353,-1339,-1330,-1320,-1298,-1288,-1276,-1267,-1256,-1244,-1235,-1226,-1212,-1203,-1194,-1180,-1171,-1162,-1139,-1129,-1107,-1097,-1062,-1053,-1044,-912,-903,-894,-883,-871,-862,-850,-839,-818,-794,-786,-776,-765,-754,-745,-722,-712,-700,-690,-680,-668,-658,-562,-540,-530,-521,-509,-498,-489,-477,-468,-445,-422,-404,-395,-377,-372,-350,-339,-325,-304,-544093	544098	N\A	N\A	N\A	N\A	-200	200	-200	200	0.03	-5	0	0	-1	-10000	-10000	-10000	3	2000	1	N\A	-10000	96	5.34943	0	0.190843	N\A	-10000	113	20A 1-2
P	0	113	0	1.13589	-90.2072	-9.21315	0.0130683	0.469545	0.882812	1.719	0.756	-104	-10000	0	4	1	A	0	586	0	0.120815	-1	0	0	-10000	-1977,-1970,-1964,-1956,-1950,-1938,-1899,-1768,-1742,-1711,-1703,-1671,-1661,-1650,-1520,-1506,-1415,-1394,-1350,-1326,-1138,-1117,-1108,-1097,-1039,-1030,-1020,-1012,-993,-966,-954,-944,-807,-798,-648,-591,-518,-339,-272,-263,-251,-222,-186,-145,-118,-104,-91,-69,-16,-8,69,102,108,113,120,154,163,175,198,295,316,325,358,454,466,472,477,-2000,-1991,-1979,-1938,-1924,-1915,-1905,-1883,-1873,-1861,-1852,-1841,-1829,-1820,-1811,-1797,-1788,-1779,-1765,-1756,-1747,-1724,-1714,-1692,-1682,-1647,-1638,-1629,-1497,-1488,-1479,-1468,-1456,-1447,-1435,-1424,-1403,-1379,-1371,-1361,-1350,-1339,-1330,-1307,-1297,-1285,-1275,-1265,-1253,-1243,-1147,-1125,-1115,-1106,-1094,-1083,-1074,-1062,-1053,-1030,-1007,-989,-980,-962,-957,-935,-924,-910,-889,-880,-871,-848,-636,-613,-581,-572,-562,-345,-283,-544678	544683	N\A	N\A	N\A	N\A	-200	200	-200	200	0.03	-5	0	0	-1	-10000	-10000	-10000	3	2000	1	N\A	-10000	98	2.78295	0	0.119555	N\A	-10000	113	20A 1-2
P	0	115	0	1.17698	-88.8027	-9.29803	0.0115484	0.436115	0.899817	2.031	0.756	-99	-10000	0	4	1	A	0	586	0	0.118783	-1	0	0	-10000	-1969,-1943,-1912,-1904,-1872,-1862,-1851,-1721,-1707,-1616,-1595,-1551,-1527,-1339,-1318,-1309,-1298,-1240,-1231,-1221,-1213,-1194,-1167,-1155,-1145,-1008,-999,-849,-792,-719,-540,-473,-464,-452,-423,-387,-346,-319,-305,-292,-270,-217,-209,-132,-99,-93,-88,-81,-47,-38,-26,-3,94,115,124,157,253,265,271,276,312,412,433,456,485,-1998,-1989,-1980,-1966,-1957,-1948,-1925,-1915,-1893,-1883,-1848,-1839,-1830,-1698,-1689,-1680,-1669,-1657,-1648,-1636,-1625,-1604,-1580,-1572,-1562,-1551,-1540,-1531,-1508,-1498,-1486,-1476,-1466,-1454,-1444,-1348,-1326,-1316,-1307,-1295,-1284,-1275,-1263,-1254,-1231,-1208,-1190,-1181,-1163,-1158,-1136,-1125,-1111,-1090,-1081,-1072,-1049,-837,-814,-782,-773,-763,-546,-484,-464,-452,-441,-432,-420,-410,-391,-369,-356,-335,-323,-314,-302,-291,-282,-273,-250,-544879	544884	N\A	N\A	N\A	N\A	-200	200	-200	200	0.03	-5	0	0	-1	-10000	-10000	-10000	3	2000	1	N\A	-10000	5	1.40769	0	0.148613	N\A	-10000	113	20A 1-2
P	0	117	0	1.21156	-83.3832	-9.51849	0.0278793	0.227243	0.973439	3.012	1.32	51	-10000	0	4	1	A	0	586	0	0.127359	-1	0	0	-10000	-1831,-1810,-1801,-1790,-1732,-1723,-1713,-1705,-1686,-1659,-1647,-1637,-1500,-1491,-1341,-1284,-1211,-1032,-965,-956,-944,-915,-879,-838,-811,-797,-784,-762,-709,-701,-624,-591,-585,-580,-573,-539,-530,-518,-495,-398,-377,-368,-335,-239,-227,-221,-216,-180,-80,-59,-36,-7,16,25,51,178,187,219,228,305,313,381,387,454,463,486,495,-2000,-1990,-1978,-1968,-1958,-1946,-1936,-1840,-1818,-1808,-1799,-1787,-1776,-1767,-1755,-1746,-1723,-1700,-1682,-1673,-1655,-1650,-1628,-1617,-1603,-1582,-1573,-1564,-1541,-1329,-1306,-1274,-1265,-1255,-1038,-976,-956,-944,-933,-924,-912,-902,-883,-861,-848,-827,-815,-806,-794,-783,-774,-765,-742,-730,-721,-656,-634,-603,-592,-583,-571,-562,-548,-529,-521,-507,-498,-475,-466,-380,-366,-357,-316,-304,-284,-271,-262,-248,-239,-545371	545376	N\A	N\A	N\A	N\A	-200	200	-200	200	0.03	-5	0	0	-1	-10000	-10000	-10000	3	2000	1	N\A	-10000	12	3.20653	0	0.142739	N\A	-10000	113	20A 1-2
P	0	119	0	1.21535	-80.9334	-9.56737	0.0374634	0.116683	0.992462	9.288	1.383	80	-10000	0	4	1	A	0	586	0	0.14085	-1	0	0	-10000	-1957,-1948,-1938,-1930,-1911,-1884,-1872,-1862,-1725,-1716,-1566,-1509,-1436,-1257,-1190,-1181,-1169,-1140,-1104,-1063,-1036,-1022,-1009,-987,-934,-926,-849,-816,-810,-805,-798,-764,-755,-743,-720,-623,-602,-593,-560,-464,-452,-446,-441,-405,-305,-284,-261,-232,-209,-200,-174,-47,-38,-6,3,80,88,156,162,229,238,261,270,279,365,376,443,461,-1992,-1980,-1971,-1948,-1925,-1907,-1898,-1880,-1875,-1853,-1842,-1828,-1807,-1798,-1789,-1766,-1554,-1531,-1499,-1490,-1480,-1263,-1201,-1181,-1169,-1158,-1149,-1137,-1127,-1108,-1086,-1073,-1052,-1040,-1031,-1019,-1008,-999,-990,-967,-955,-946,-881,-859,-828,-817,-808,-796,-787,-773,-754,-746,-732,-723,-700,-691,-605,-591,-582,-541,-529,-509,-496,-487,-473,-464,-446,-432,-423,-414,-402,-391,-379,-370,-323,-315,-296,-273,-545596	545601	N\A	N\A	N\A	N\A	-200	200	-200	200	0.03	-5	0	0	-1	-10000	-10000	-10000	3	2000	1	N\A	-10000	29	2.4503	0	0.12341	N\A	-10000	113	20A 1-2
P	0	121	0	1.27775	-78.2434	-9.1674	0.163644	-0.170374	0.971696	19.941	3.465	92	-10000	0	4	1	A	0	586	0	0.175555	-1	0	0	-10000	-1832,-1765,-1756,-1744,-1715,-1679,-1638,-1611,-1597,-1584,-1562,-1509,-1501,-1424,-1391,-1385,-1380,-1373,-1339,-1330,-1318,-1295,-1198,-1177,-1168,-1135,-1039,-1027,-1021,-1016,-980,-880,-859,-836,-807,-784,-775,-749,-622,-613,-581,-572,-495,-487,-419,-413,-346,-337,-314,-305,-296,-210,-199,-132,-114,-19,80,92,232,246,262,-1838,-1776,-1756,-1744,-1733,-1724,-1712,-1702,-1683,-1661,-1648,-1627,-1615,-1606,-1594,-1583,-1574,-1565,-1542,-1530,-1521,-1456,-1434,-1403,-1392,-1383,-1371,-1362,-1348,-1329,-1321,-1307,-1298,-1275,-1266,-1180,-1166,-1157,-1116,-1104,-1084,-1071,-1062,-1048,-1039,-1021,-1007,-998,-989,-977,-966,-954,-945,-898,-890,-871,-848,-839,-827,-817,-804,-795,-772,-763,-731,-722,-710,-699,-690,-678,-667,-654,-646,-636,-613,-604,-593,-581,-560,-549,-540,-528,-486,-475,-464,-546171	546176	N\A	N\A	N\A	N\A	-200	200	-200	200	0.03	-5	0	0	-1	-10000	-10000	-10000	3	2000	1	N\A	-10000	12	2.72032	0	0.199337	N\A	-10000	113	20A 1-2
P	0	123	0	3.02545	-147.944	43.2502	0.00791606	0.983032	0.183262	2.136	0.354	-81	-10000	0	4	1	A	0	586	0	0.0439981	-1	0	0	-10000	-1864,-1564,-1552,-1537,-1529,-1523,-1514,-1503,-1497,-1492,-1424,-1414,-1309,-1277,-1267,-1170,-1114,-1097,-1087,-1023,-1009,-1000,-991,-979,-968,-964,-958,-946,-914,-905,-882,-842,-757,-747,-731,-720,-614,-550,-543,-531,-520,-496,-487,-413,-390,-381,-372,-287,-209,-167,-158,-149,-91,-81,-17,-5,1,36,45,-1618,-1609,-1596,-1588,-1577,-1556,-1546,-1532,-1523,-1514,-1491,-1479,-1468,-1459,-1446,-1437,-1427,-1405,-1396,-1350,-1320,-1300,-1288,-1246,-1182,-1170,-1159,-1150,-1138,-1127,-1085,-1073,-1064,-1052,-1041,-1032,-1020,-828,-817,-808,-796,-785,-776,-764,-755,-732,-711,-700,-690,-678,-667,-582,-564,-550,-541,-520,-509,-487,-476,-467,-402,-370,-359,-349,-337,-326,-317,-308,-263	1452620	N\A	N\A	N\A	N\A	-200	200	-200	200	0.03	-5	0	0	-1	-10000	-10000	-10000	3	2000	1	N\A	-10000	29	0.0732977	0	0.0209547	N\A	-10000	113	20A 1-2
P	0	124	0	3.06701	-142.783	44.2123	0.00791605	0.983032	0.183263	0.516	0.012	-10000	-10000	0	4	1	A	0	586	0	-10000	-1	0	0	-10000	-732,-1864,-744,-732	1452620	N\A	N\A	N\A	N\A	-200	200	-200	200	0.03	-5	0	0	-1	-10000	-10000	-10000	3	2000	2	N\A	-10000	0	0.0737524	0	-10000	N\A	-10000	114	20A 2-3
P	0	125	0	30.9204	-141.836	45.2251	-0.234142	0.971752	0.0295852	39.195	29.19	171	-10000	0	4	1	A	0	586	0	3.32907	-1	0	0	-10000	-1940,-1929,-1714,-1326,-1223,-1203,-1055,-960,-937,-807,-798,-789,-743,-722,-211,-198,-192,-166,-137,-125,-84,-72,-61,-52,104,111,117,121,171,314,324,334,350,404,430,493,-1993,-1972,-1961,-1940,-1919,-1908,-1894,-1320,-1043,-1022,-948,-779,-766,-757,-734,-725,-711,-222,-211,-188,-178,-166,-160,-148,-104,-42,-29,-19,66,75,89,99,108,120,131,140,161,193,204,216,226,239,248,258,267,280,290,302,321,366,375,385,398,408,417,449,461	1462221	N\A	N\A	N\A	N\A	-200	200	-200	200	0.03	-5	0	0	-1	-10000	-10000	-10000	3	2000	1	N\A	-10000	137	2.20559	0	3.49814	N\A	-10000	113	20A 1-2
P	0	126	0	29.335	-136.886	45.2749	-0.374447	0.927188	-0.0105976	2.019	0.621	-188	-10000	0	4	1	A	0	586	0	0.073559	-1	0	0	-10000	-1311,-957,-188,163,-946,-829,-211,-198,-181,-170	1462221	N\A	N\A	N\A	N\A	-200	200	-200	200	0.03	-5	0	0	-1	-10000	-10000	-10000	3	2000	1	N\A	-10000	226	2.10457	0	0.248341	N\A	-10000	114	20A 2-3
P	0	127	0	24.1844	-127.838	44.8725	-0.595213	0.801731	-0.0543049	1.791	0.714	153	-10000	0	4	1	A	0	586	0	0.0620484	-1	0	0	-10000	-1999,-1984,-1961,-1875,-1831,-1811,-1802,-1767,-1735,-1693,-1652,-1223,-1202,-934,-925,-916,-829,-798,-789,-766,-743,-711,-702,-690,-680,-658,-649,-616,-593,-572,-566,-542,-529,-519,-496,-476,-466,-448,-434,-425,-393,-352,-211,-198,-180,-170,-166,-160,-148,-134,-125,-102,54,131,143,153,258,267,281,290,366,387,-1981,-1972,-1949,-1940,-1929,-1917,-1908,-1898,-1884,-1853,-1843,-1799,-1790,-1779,-1758,-1749,-1726,-1716,-1681,-1672,-1661,-1649,-1640,-1630,-1216,-1193,-1184,-966,-957,-872,-861,-784,-775,-725,-670,-648,-637,-625,-584,-575,-561,-552,-543,-531,-511,-498,-479,-443,-434,-425,-416,-402,-381,-371,-361,-188,-116,-93,-84,-72,-61,-51,66,120,161,193	1462221	N\A	N\A	N\A	N\A	-200	200	-200	200	0.03	-5	0	0	-1	-10000	-10000	-10000	3	2000	1	N\A	-10000	320	2.06629	0	0.0360802	N\A	-10000	116	20A 4-5
P	0	128	0	10.1102	-116.592	45.742	-0.892302	0.389251	0.228651	2.019	0.072	-188	-10000	0	4	1	A	0	586	0	0.0712483	-1	0	0	-10000	-188	1462221	N\A	N\A	N\A	N\A	-200	200	-200	200	0.03	-5	0	0	-1	-10000	-10000	-10000	3	2000	0	N\A	-10000	226	2.17931	0	0.0178892	N\A	-10000	118	20A 6-7
P	0	130	0	59.079	-146.932	43.8853	-0.047627	0.990753	0.127042	3.411	1.737	-38	-10000	0	4	1	A	0	586	0	0.284836	-1	0	0	-10000	-1908,-1897,-1862,-1790,-1694,-1682,-1627,-1404,-1376,-1341,-1317,-1294,-1286,-1235,-1212,-1203,-1191,-1148,-1136,-1098,-1072,-1062,-1054,-1009,-1000,-968,-940,-910,-895,-877,-851,-841,-603,-556,-526,-499,-458,-426,-390,-368,-358,-349,-144,-38,-8,38,111,182,283,292,302,320,329,342,420,453,462,474,-1971,-1939,-1927,-1876,-1831,-1809,-1777,-1712,-1640,-1608,-1436,-1426,-1417,-1371,-1362,-1353,-1341,-1330,-1309,-1276,-1267,-1253,-1244,-1235,-1222,-1171,-1159,-1149,-1127,-1108,-1094,-1085,-1041,-1000,-989,-976,-958,-905,-827,-818,-808,-795,-785,-617,-594,-585,-571,-562,-550,-540,-530,-521,-508,-485,-467,-421,-412,-403,-380,-335,-326,-317,-158,-126,-112,-103,-94,-82,-71,-62	1471180	N\A	N\A	N\A	N\A	-200	200	-200	200	0.03	-5	0	0	-1	-10000	-10000	-10000	3	2000	1	N\A	-10000	96	0.199609	0	0.342479	N\A	-10000	113	20A 1-2
P	0	131	0	58.9325	-141.723	44.3314	-0.00831329	0.999029	0.043272	0.369	0.024	-10000	-10000	0	4	1	A	0	586	0	-10000	-1	0	0	-10000	-905,-371,-335,-958,-935,-917,-881,-871,-859,-850,-840,-827,-358,-349	1471180	N\A	N\A	N\A	N\A	-200	200	-200	200	0.03	-5	0	0	-1	-10000	-10000	-10000	3	2000	2	N\A	-10000	10000	0.189236	0	-10000	N\A	-10000	114	20A 2-3
P	0	135	0	13.2107	-145.951	29.0977	-0.0312907	0.99899	0.0322609	0.27	0.015	-10000	-10000	0	4	1	A	0	586	0	-10000	-1	0	0	-10000	-1894,-1877,-1860,-1843,-1826,-1810,-1990,-1980,-1969,-1957,-1948,-1939,-1925,-1916,-1907,-1895,-1884,-1872,-1862,-1852,-1830,-1821,-1798,-1789,-1778,-1766	1530028	N\A	N\A	N\A	N\A	-200	200	-200	200	0.03	-5	0	0	-1	-10000	-10000	-10000	3	2000	2	N\A	-10000	0	0.534723	0	-10000	N\A	-10000	113	20A 1-2
P	0	136	0	29.3979	-137.813	30.5807	-0.240792	0.968081	-0.0695605	2.955	1.38	-187	-10000	0	4	1	A	0	586	0	0.224354	-1	0	0	-10000	-1536,-1527,-1468,-1459,-1445,-1436,-1427,-1415,-1404,-1395,-1377,-1062,-1044,-1039,-1021,-971,-700,-680,-659,-650,-511,-497,-411,-374,-360,-272,-220,-210,-199,-169,-155,-146,-137,-114,-105,-28,-1533,-1522,-1513,-1501,-1490,-1477,-1468,-1413,-1383,-1372,-1363,-1044,-1032,-1012,-980,-968,-944,-670,-644,-629,-615,-456,-447,-434,-402,-392,-319,-306,-296,-284,-187,-123,-32	1534221	N\A	N\A	N\A	N\A	-200	200	-200	200	0.03	-5	0	0	-1	-10000	-10000	-10000	3	2000	0	N\A	-10000	194	2.24312	0	0.227213	N\A	-10000	113	20A 1-2
P	0	137	0	44.8244	-140.866	29.7835	-0.146415	0.965054	0.217333	22.344	5.865	-134	-10000	0	4	1	A	0	586	0	0.418058	-1	0	0	-10000	-1975,-1905,-1890,-1880,-1585,-1549,-1480,-1448,-1421,-1348,-1342,-1243,-1193,-1158,-1153,-1138,-1113,-1108,-1071,-1065,-393,-134,90,96,119,131,219,277,295,364,429,-1990,-1982,-1969,-1960,-1949,-1937,-1927,-1918,-1895,-1886,-1872,-1863,-1851,-1840,-1831,-1822,-1607,-1572,-1554,-1521,-1499,-1489,-1477,-1468,-1457,-1435,-1427,-1416,-1403,-1362,-1350,-1321,-1244,-1235,-1180,-1126,-1120,-1102,-1094,-1088,-210,-187,-178,-168,-155,-146,-136,-104,-90,-81,-72,110,132,155,164,183,196,208,247,261,302,314,323,334,346,355,366,443,461,484,496	1537228	N\A	N\A	N\A	N\A	-200	200	-200	200	0.03	-5	0	0	-1	-10000	-10000	-10000	3	2000	1	N\A	-10000	202	2.10204	0	0.426537	N\A	-10000	113	20A 1-2
P	0	138	0	3.87863	-141.263	14.1775	-0.0321309	0.978728	0.202632	5.859	3.195	-189	-10000	0	4	1	A	0	586	0	0.593991	-1	0	0	-10000	-1892,-1852,-1839,-1786,-1721,-1651,-1640,-1602,-935,-922,-421,-372,-263,-189,259,305,-1851,-1841,-1647,-1636,-1509,-389,-372,-367,-357,-348,-337,-325,-251,-239,-230,-219,-207,-198,-174,-166,-156,-142,250,272,282,291,314	1540629	N\A	N\A	N\A	N\A	-200	200	-200	200	0.03	-5	0	0	-1	-10000	-10000	-10000	3	2000	1	N\A	-10000	114	1.96093	0	0.621793	N\A	-10000	113	20A 1-2
P	0	139	0	17.6948	-139.992	14.9847	-0.0279035	0.931945	0.361524	4.896	1.542	-181	-10000	0	4	1	A	0	586	0	0.169476	-1	0	0	-10000	-1506,-1382,-1370,-1356,-1350,-1328,-1318,-918,-914,-905,-879,-849,-805,-799,-661,-587,-554,-262,-254,-227,-220,-181,28,34,96,111,132,155,175,367,390,398,-1520,-1488,-1391,-1359,-1338,-1319,-1305,-1287,-932,-905,-868,-846,-828,-791,-782,-667,-655,-646,-635,-622,-604,-572,-540,-272,-249,-240,-219,-208,-199,-186,-154,29,37,61,81,101,125,143,152,411	1543359	N\A	N\A	N\A	N\A	-200	200	-200	200	0.03	-5	0	0	-1	-10000	-10000	-10000	3	2000	1	N\A	-10000	329	3.58992	0	0.216155	N\A	-10000	113	20A 1-2
P	0	140	0	28.8316	-136.625	16.6067	-0.162052	0.949063	0.270221	1.701	0.963	-66	-10000	0	4	1	A	0	586	0	0.172218	-1	0	0	-10000	-1702,-1693,-1629,-1616,-1606,-1488,-1469,-1460,-1401,-1342,-1260,-1223,-1185,-1160,-1154,-1138,-1125,-1096,-1074,-1060,-1031,-1017,-904,-840,-731,-701,-604,-513,-165,-133,-109,-89,-80,-30,-17,-7,15,24,56,124,197,206,215,349,-1725,-1711,-1638,-1596,-1584,-1575,-1564,-1511,-1499,-1456,-1446,-1434,-1425,-1416,-1393,-1383,-1328,-1275,-1266,-1210,-1201,-1192,-1169,-1160,-1146,-1116,-1105,-1063,-1051,-1042,-1010,-998,-987,-978,-966,-955,-946,-933,-923,-890,-878,-869,-859,-851,-560,-510,-145,-112,-66,6,15,38,229,315,324,335,379,389,397,411,421,430	1545846	N\A	N\A	N\A	N\A	-200	200	-200	200	0.03	-5	0	0	-1	-10000	-10000	-10000	3	2000	0	N\A	-10000	266	3.46702	0	0.29639	N\A	-10000	113	20A 1-2
P	0	141	0	42.1751	-140.375	15.45	-0.163014	0.949877	0.266757	10.935	8.517	130	-10000	0	4	1	A	0	586	0	1.12724	-1	0	0	-10000	-1257,-848,-840,-807,-784,-707,-701,-306,-51,13,35,49,58,88,130,367,-2000,-1990,-1982,-1968,-1958,-1949,-816,-775,-766,-754,-743,-734,-689,-295,-283,-274,69,84,121,163,176,185,196,208,217	1548225	N\A	N\A	N\A	N\A	-200	200	-200	200	0.03	-5	0	0	-1	-10000	-10000	-10000	3	2000	1	N\A	-10000	232	3.61756	0	1.19149	N\A	-10000	113	20A 1-2
P	0	142	0	55.6925	-136.259	15.0105	-0.287914	0.945839	0.149981	4.41	2.484	141	-10000	0	4	1	A	0	586	0	0.447067	-1	0	0	-10000	-1852,-1841,-1832,-1819,-1811,-1746,-1647,-1218,-784,-767,-755,-743,-714,-691,-637,-628,-614,-488,-469,-240,-222,-146,-123,-93,-72,-49,-31,27,57,68,78,118,163,177,186,204,209,215,485,495,-1832,-1820,-1800,-1787,-1779,-1769,-1670,-1628,-1287,-1278,-1264,-1255,-1246,-1237,-1223,-1193,-1182,-1161,-1150,-1137,-1123,-805,-796,-782,-773,-764,-732,-700,-678,-669,-658,-650,-646,-605,-487,-478,-455,-282,-273,-264,-255,-232,-210,-199,-187,-178,-169,-82,-40,-19,4,45,141,227,237,250,260,269,281	1550871	N\A	N\A	N\A	N\A	-200	200	-200	200	0.03	-5	0	0	-1	-10000	-10000	-10000	3	2000	0	N\A	-10000	146	1.89444	0	0.625082	N\A	-10000	113	20A 1-2
P	0	143	0	0.863202	-140.091	-0.540695	-0.153673	0.94499	0.288754	2.136	1.941	-38	-10000	0	4	1	A	0	586	0	0.181862	-1	0	0	-10000	-1699,-1694,-1645,-1609,-1603,-1596,-1579,-1267,-1145,-894,-880,-871,-818,-709,-568,-559,-82,-59,-18,14,55,178,200,205,222,228,258,269,285,290,327,349,355,377,396,414,427,441,458,494,-1726,-1712,-1703,-1691,-1680,-1671,-1659,-1630,-1609,-1604,-1597,-1577,-1562,-1553,-1541,-1531,-1521,-1327,-1317,-1308,-1294,-1285,-1263,-1253,-1244,-1235,-1221,-1212,-1200,-1180,-1168,-1117,-859,-794,-785,-773,-700,-72,-38,26,37,68,100,112,132,141,155,176,196,218,240,250,273,291,305,314,336,346,358,390,409,422,464,476,486	1555051	N\A	N\A	N\A	N\A	-200	200	-200	200	0.03	-5	0	0	-1	-10000	-10000	-10000	3	2000	0	N\A	-10000	76	3.9806	0	0.241248	N\A	-10000	113	20A 1-2
P	0	144	0	12.9642	-141.28	-1.23	-0.0918282	0.97138	0.219064	0.804	0.399	-134	-10000	0	4	1	A	0	586	0	0.115389	-1	0	0	-10000	-1787,-1775,-1766,-1698,-1691,-1640,-1625,-1489,-1467,-1418,-1172,-824,-336,-134,-82,103,144,153,165,173,194,203,217,226,249,268,293,299,326,335,343,376,385,408,440,-1757,-1748,-1734,-1725,-1716,-1704,-1681,-1672,-1661,-1648,-1639,-1630,-1616,-1607,-1598,-1584,-1575,-1566,-1447,-1436,-1363,-1190,-1140,-863,-817,-808,-796,-327,-314,-305,-124,-114,-105,-70,90,99,176,185,239,258,271,280,294,303,312,326,335,344,353,367,388,397,420,429,443,453,475	1558583	N\A	N\A	N\A	N\A	-200	200	-200	200	0.03	-5	0	0	-1	-10000	-10000	-10000	3	2000	1	N\A	-10000	12	2.49866	0	0.102256	N\A	-10000	113	20A 1-2
P	0	145	0	23.774	-143.22	-0.25967	-0.0581867	0.97221	0.226762	6.849	1.806	-100	-10000	0	4	1	A	0	586	0	0.291579	-1	0	0	-10000	-1988,-1979,-1971,-1938,-1929,-1906,-1874,-1797,-1788,-1756,-1744,-1735,-1726,-1489,-1353,-1307,-1229,-1218,-1199,-1139,-1127,-1120,-1107,-1095,-1062,-1053,-1039,-1030,-1025,-1015,-1007,-965,-498,-489,-169,-100,-85,-78,-69,-53,-46,-36,-28,-6,45,208,407,472,484,495,-2000,-1988,-1979,-1970,-1961,-1947,-1926,-1917,-1894,-1885,-1871,-1861,-1839,-1712,-1703,-1693,-1286,-1276,-1265,-1254,-1244,-1235,-1212,-1189,-1180,-1171,-1158,-1148,-1093,-1000,-988,-487,-187,-178,-146,-102,-28,-19,4,13,26,36,58,67,222,389,422,431,440,463	1560897	N\A	N\A	N\A	N\A	-200	200	-200	200	0.03	-5	0	0	-1	-10000	-10000	-10000	3	2000	1	N\A	-10000	8	5.6194	0	0.381815	N\A	-10000	113	20A 1-2
P	0	147	0	42.0094	-143.049	0.572167	-0.124853	0.970965	0.204053	0.492	0.033	-10000	-10000	0	4	1	A	0	586	0	-10000	-1	0	0	-10000	-281,-295,-283,-262,-243,-230,-221	1571298	N\A	N\A	N\A	N\A	-200	200	-200	200	0.03	-5	0	0	-1	-10000	-10000	-10000	3	2000	2	N\A	-10000	10000	0.0809438	0	-10000	N\A	-10000	113	20A 1-2
P	0	148	0	51.3231	-143.719	-0.381121	-0.114467	0.971689	0.206683	0.444	0.042	-10000	-10000	0	4	1	A	0	586	0	-10000	-1	0	0	-10000	-1620,-1596,-1582,-1573,-1464,-1448,-1441,-1338,-1328,-1305,-1299,-1209,-1204,-1198,-1113,-1103,-1095,-1081,-828,-819,-793,-775,-761,-722,-698,-675,-669,-657,-625,-605,-551,-544,-306,291,-1647,-1619,-1614,-1597,-1564,-1541,-1532,-1509,-1496,-1488,-1477,-1468,-1456,-1446,-1426,-1414,-1405,-1396,-1382,-1364,-1350,-1318,-1296,-1287,-1277,-1255,-1246,-1231,-1203,-1190,-1181,-1167,-1158,-1149,-1137,-1126,-1072,-1063,-848,-816,-807,-784,-775,-731,-689,-680,-666,-614,-601,-596,-580,-553,-527,-516,-507,-498,-487,262,304	1575979	N\A	N\A	N\A	N\A	-200	200	-200	200	0.03	-5	0	0	-1	-10000	-10000	-10000	3	2000	2	N\A	-10000	10000	0.294631	0	-10000	N\A	-10000	113	20A 1-2
P	0	149	0	58.5634	-143.097	-1.25749	-0.253486	0.958511	0.130394	0.603	0.021	-10000	-10000	0	4	1	A	0	586	0	-10000	-1	0	0	-10000	-1759,-1744,-1728,-1534,-1506,-1487,-1478,-1468,-1460,-1437,-1425,-1414,-1405,-1360,-1341,-1320,-1311,-1288,-1279,-1265,-1255,-1147,-1135,-1106,-998,-976,-958,-903,-763,-741,-732,-723,-698,-657,-519,-356,-340,-329,-319,-293,364,388,400,-1777,-1713,-1546,-1535,-1522,-1513,-1478,-1469,-1460,-1446,-1405,-1393,-1384,-1370,-1361,-1351,-1329,-1311,-1278,-1266,-1255,-1234,-1223,-1179,-1170,-1158,-1147,-1085,-1074,-1012,-944,-935,-924,-894,-795,-786,-777,-713,-700,-689,-678,-668,-645,-636,-510,-413,-392,-352,-342,-306,-293,358	1601836	N\A	N\A	N\A	N\A	-200	200	-200	200	0.03	-5	0	0	-1	-10000	-10000	-10000	3	2000	2	N\A	-10000	10000	0.175217	0	-10000	N\A	-10000	113	20A 1-2
P	0	150	0	33.2507	-146.993	0.89015	-0.102663	0.976536	0.189309	2.991	0.882	-53	-10000	0	4	1	A	0	586	0	0.163052	-1	0	0	-10000	-1971,-1962,-1948,-1639,-1554,-1545,-1524,-1492,-1437,-1386,-1372,-1354,-1349,-1309,-1201,-1190,-1173,-1169,-1010,-720,-714,-687,-678,-646,-625,-507,-484,-479,-459,-396,-382,-367,-355,-293,-251,-167,-102,-86,-75,-69,-53,-29,-7,3,45,174,195,224,238,257,-1980,-1958,-1948,-1925,-1917,-1531,-1498,-1468,-1427,-1404,-1395,-1386,-1372,-1363,-1340,-1331,-1318,-1204,-1190,-1181,-1160,-1149,-746,-732,-710,-701,-690,-678,-669,-660,-628,-519,-497,-487,-478,-465,-455,-446,-434,-425,-414,-393,-370,-361,-347,-338,-329,-319,-306,-252,-243,-220,-211,-202,-188,-156,-147,-134,-125,-114,-84,-70,-61,-52,-38,-29,-20,24,206,216,227,248,260,271	1608226	N\A	N\A	N\A	N\A	-200	200	-200	200	0.03	-5	0	0	-1	-10000	-10000	-10000	3	2000	1	N\A	-10000	76	0.451046	0	0.251384	N\A	-10000	113	20A 1-2
P	0	151	0	10.2579	-148.69	-7.84352	-0.047126	0.967797	0.247283	1.371	0.084	-10000	-10000	0	4	1	A	0	586	0	-10000	-1	0	0	-10000	-1789,-1552,-1524,-1512,-1492,-1383,-1256,-1236,-1148,-1065,-1025,-1016,-991,-947,-915,-774,-765,-724,-652,-629,-612,-580,-436,-406,-359,-338,-298,-283,431,441,-1565,-1556,-1547,-1533,-1447,-1438,-1427,-1374,-1351,-1342,-1333,-1320,-1310,-1288,-1224,-1183,-1128,-1083,-1018,-1010,-924,-906,-892,-883,-874,-756,-742,-712,-701,-692,-679,-669,-659,-647,-638,-627,-606,-574,-562,-551,-542,-530,-447,-383,-369,-351,-341,-329,-318,-306,-274,-265,-256,-242,-233,-220,462,482	1617997	N\A	N\A	N\A	N\A	-200	200	-200	200	0.03	-5	0	0	-1	-10000	-10000	-10000	3	2000	2	N\A	-10000	10000	0.718446	0	-10000	N\A	-10000	113	20A 1-2
P	0	153	0	23.2741	-140.809	-6.9879	-0.0104577	0.915924	0.401215	3.21	1.959	146	-10000	0	4	1	A	0	586	0	0.265136	-1	0	0	-10000	-1794,-1789,-1753,-1668,-1530,-1494,-1444,-1418,-1402,-1371,-1344,-1067,-465,-442,-430,-272,-209,-133,-122,-82,-60,-22,52,78,146,176,188,211,233,295,368,-1785,-1776,-1603,-1594,-1585,-1571,-1562,-1497,-1468,-1454,-1444,-1435,-1422,-1412,-1399,-1389,-1383,-1362,-1339,-1330,-1059,-1039,-454,-419,-412,-399,-283,-101,-81,-48,-4,5,17,28,41,58,69,123,131,155,167,177,199,219,231,240,251,263,272,284,305,314	1624202	N\A	N\A	N\A	N\A	-200	200	-200	200	0.03	-5	0	0	-1	-10000	-10000	-10000	3	2000	1	N\A	-10000	332	2.57039	0	0.299264	N\A	-10000	113	20A 1-2
P	0	154	0	29.9729	-144.337	-6.39575	-0.0851558	0.961664	0.260674	3.987	0.696	92	-10000	0	4	1	A	0	586	0	0.062411	-1	0	0	-10000	-1779,-1639,-1565,-1148,-1136,-1018,-1009,-986,-957,-786,-775,-763,-678,-657,-646,-572,-564,-496,-487,-337,-328,-317,-281,-249,-226,-214,-143,-47,-37,57,71,80,92,100,121,171,195,227,250,344,488,-1815,-1800,-1789,-1765,-1756,-1744,-1733,-1724,-1712,-1703,-1627,-998,-948,-931,-926,-817,-807,-795,-710,-614,-560,-549,-518,-508,-273,-187,-176,-164,-155,-132,-123,-114,-61,-28,4,16,26,36,58,71,80,89,144,153,163,175,185,494	1627947	N\A	N\A	N\A	N\A	-200	200	-200	200	0.03	-5	0	0	-1	-10000	-10000	-10000	3	2000	1	N\A	-10000	142	1.86439	0	0.0617748	N\A	-10000	113	20A 1-2
P	0	155	0	37.5344	-145.463	-6.559	0.0524049	0.973845	0.221089	0.222	0.015	-10000	-10000	0	4	1	A	0	586	0	-10000	-1	0	0	-10000	-1479,-327,-1458,-1447	1634636	N\A	N\A	N\A	N\A	-200	200	-200	200	0.03	-5	0	0	-1	-10000	-10000	-10000	3	2000	2	N\A	-10000	0	0.0833827	0	-10000	N\A	-10000	113	20A 1-2
P	0	156	0	44.3588	-144.827	-6.77262	0.0941195	0.966703	0.237964	0.96	0.366	-199	-10000	0	4	1	A	0	586	0	0.0622341	-1	0	0	-10000	-1381,-1257,-911,-849,-806,-741,-731,-723,-676,-473,-464,-455,-423,-296,-284,-219,-210,-199,-187,-178,-1396,-1373,-1360,-1351,-1340,-1331,-1319,-1308,-1296,-1287,-1246,-1237,-1223,-1201,-860,-803,-793,-783,-710,-699,-690,-667,-655,-646,-432,-391,-251,-241,-231,-167,-155,-146,-134	1640929	N\A	N\A	N\A	N\A	-200	200	-200	200	0.03	-5	0	0	-1	-10000	-10000	-10000	3	2000	1	N\A	-10000	244	0.501872	0	0.0623311	N\A	-10000	113	20A 1-2
P	0	157	0	51.7256	-144.783	-6.834	-0.065402	0.959494	0.274031	0.234	0.03	-10000	-10000	0	4	1	A	0	586	0	-10000	-1	0	0	-10000	-1614,-1587,-1544,-1522,-1446,-1337,-1237,-1149,-1136,-1040,-999,-963,-904,-882,-857,-837,-818,-795,-731,-720,-1605,-1573,-1564,-1554,-1520,-1502,-1491,-1486,-1478,-1469,-1458,-1436,-1413,-1404,-1393,-1381,-1372,-1360,-1349,-1308,-1299,-1234,-1222,-1199,-1190,-1181,-1168,-1117,-1095,-977,-873,-775,-763,-753,-742,-712,-698,-689,-680,-666,-657	1645121	N\A	N\A	N\A	N\A	-200	200	-200	200	0.03	-5	0	0	-1	-10000	-10000	-10000	3	2000	2	N\A	-10000	0	0.0438366	0	-10000	N\A	-10000	113	20A 1-2
P	0	158	0	57.0376	-122.416	-5.76511	-0.484453	-0.377121	0.789357	0.111	0.009	-10000	-10000	0	4	1	A	0	586	0	-10000	-1	0	0	-10000	-10000	2550976	N\A	N\A	N\A	N\A	-200	200	-200	200	0.03	-5	0	0	-1	-10000	-10000	-10000	3	2000	2	N\A	-10000	0	0.155366	0	-10000	N\A	-10000	113	20A 1-2
P	0	159	0	57.2318	-122.476	-5.87848	-0.478801	-0.383667	0.789652	0.114	0.012	-10000	-10000	0	4	1	A	0	586	0	-10000	-1	0	0	-10000	-10000	2551724	N\A	N\A	N\A	N\A	-200	200	-200	200	0.03	-5	0	0	-1	-10000	-10000	-10000	3	2000	2	N\A	-10000	0	0.185793	0	-10000	N\A	-10000	113	20A 1-2
